       G      Bp-Rp 
  12.510      1.204 
  15.496      2.606 
  14.584      2.276 
  17.384      3.148 
   9.518      0.629 
  17.243      3.157 
  15.397      2.477 
  17.030      3.061 
  13.583      1.599 
  17.201      3.140 
  15.638      2.688 
  10.731      0.868 
  12.077      1.184 
  16.757      3.012 
  17.407      3.166 
   9.982      0.724 
  13.656      1.686 
  16.524      3.004 
  16.141      2.860 
  17.074      3.346 
  16.526      2.950 
   9.913      0.693 
   7.232      0.086 
  16.082      2.861 
  17.828      3.494 
  17.291      3.010 
  16.082      2.800 
  16.775      2.910 
  16.749      2.777 
  15.796      2.752 
  17.138      3.112 
  15.937      2.862 
  12.857      1.427 
  10.851      0.916 
   5.797     -0.032 
  16.347      2.926 
  17.125      3.167 
  17.866      3.448 
   7.931      0.158 
  15.670      2.649 
  13.053      1.441 
   6.588      0.000 
  16.884      3.010 
  16.621      2.981 
  14.236      1.946 
  16.653      3.077 
  12.569      1.274 
  12.559      1.258 
  16.988      3.022 
  15.449      2.536 
   7.352      0.050 
   8.472      0.265 
  15.322      2.538 
   8.753      0.363 
   6.814      0.016 
  12.804      1.366 
  15.921      2.663 
   7.349      0.028 
  15.849      2.772 
   7.696      0.172 
  10.326      0.779 
  16.784      2.990 
  16.899      3.105 
  16.827      3.059 
  14.729      2.224 
  16.771      3.036 
  17.397      3.124 
  17.624      3.130 
  16.752      3.188 
  11.872      1.066 
  17.907      3.319 
  16.052      2.852 
  15.986      2.719 
  17.675      3.174 
  11.629      1.030 
  13.051      1.412 
  11.673      1.071 
  17.648      3.186 
  15.462      2.530 
  15.322      2.561 
  11.026      0.957 
  15.022      2.373 
  17.609      3.305 
   9.944      0.695 
  17.423      3.164 
  16.650      2.893 
   8.589      0.345 
  17.584      3.334 
  15.279      2.548 
   8.546      0.272 
  16.149      2.874 
  12.141      1.088 
  13.842      1.810 
  14.356      2.035 
  16.989      3.064 
  15.492      2.488 
  17.323      3.098 
  17.687      3.392 
  15.384      2.270 
  12.547      1.290 
  11.466      1.062 
  17.284      3.213 
  17.269      3.203 
   7.568      0.081 
  11.752      1.129 
  16.898      2.962 
  13.699      1.772 
  14.550      2.158 
  15.605      2.603 
  17.786      3.436 
  14.307      2.004 
  16.384      2.848 
  10.985      0.961 
  14.372      2.090 
   6.372     -0.055 
  17.474      3.610 
  17.516      3.386 
  13.070      1.456 
  15.379      2.583 
  16.442      3.090 
  10.103      0.808 
  16.899      2.955 
  16.818      2.975 
  16.940      3.194 
  15.338      2.498 
  17.322      2.989 
  17.421      3.218 
  15.358      2.500 
  17.310      3.145 
  15.549      2.634 
  15.559      2.665 
  16.169      2.842 
  17.382      3.224 
   8.373      0.234 
   8.838      0.484 
  14.308      1.982 
  10.502      0.801 
  11.925      1.093 
  16.334      2.934 
  16.656      2.844 
  17.515      3.418 
  15.136      2.077 
  16.056      2.346 
  15.993      2.832 
  17.668      3.034 
  12.496      1.188 
  15.947      2.720 
   6.857      0.053 
  15.456      2.516 
  12.510      1.243 
  16.456      2.979 
  16.933      3.060 
  12.655      1.302 
  16.969      2.612 
  12.719      1.396 
  12.792      1.379 
  15.661      2.749 
  11.192      0.975 
  17.841      3.430 
  14.789      2.064 
  15.215      2.453 
  10.171      0.713 
  17.632      3.356 
   9.376      0.529 
  11.347      0.967 
  14.304      1.964 
  14.796      2.243 
   9.335      0.646 
  14.495      2.166 
  17.634      3.197 
  17.290      3.112 
  12.829      1.327 
  17.944      3.408 
  15.744      2.686 
   8.678      0.348 
  15.892      2.842 
   9.819      0.761 
  14.291      1.751 
  16.603      2.943 
  17.230      3.287 
  14.896      2.371 
   9.744      0.700 
  12.557      1.257 
  16.786      3.104 
  14.419      2.109 
  11.714      1.084 
  16.695      2.947 
  11.442      1.024 
  15.695      2.624 
  15.159      2.387 
  17.747      3.319 
  17.290      3.234 
  17.748      3.360 
  15.785      2.696 
  17.613      3.297 
  16.407      2.876 
  14.972      2.362 
  15.568      2.586 
   6.852     -0.009 
  13.766      1.826 
  10.537      0.818 
  16.940      3.138 
  17.328      3.216 
  16.667      3.075 
  17.960      3.461 
  17.256      3.173 
  15.958      2.874 
  15.781      2.596 
  12.728      1.280 
  12.933      1.412 
  16.656      3.096 
  16.828      3.090 
  16.639      3.098 
   7.151      0.002 
  16.867      3.074 
  15.579      2.646 
  15.280      2.516 
  16.678      2.937 
  16.521      2.920 
  10.459      0.749 
  12.529      1.299 
  17.359      3.148 
  14.735      2.432 
  16.199      2.880 
  17.859      3.230 
  15.526      2.404 
  10.249      0.767 
  12.679      1.270 
  16.370      2.823 
  11.055      0.935 
  14.447      2.065 
  15.287      2.483 
  16.661      3.124 
  12.722      1.315 
  15.370      2.547 
   6.288     -0.006 
  17.606      3.086 
   8.181      0.217 
  17.887      3.367 
  16.356      2.916 
  14.571      2.233 
  16.925      3.080 
  13.487      1.626 
  16.727      3.068 
  12.097      1.147 
  10.254      0.763 
  12.296      1.229 
  17.470      3.304 
  17.078      3.280 
  11.817      1.056 
  17.394      3.253 
  16.942      3.092 
   8.731      0.396 
   6.742     -0.002 
  15.220      2.627 
  12.130      1.101 
  16.441      2.964 
  14.782      2.212 
  17.410      3.129 
  17.682      3.289 
  10.074      0.770 
  15.322      2.466 
  15.699      2.652 
  17.750      3.637 
  17.130      3.191 
  14.616      2.107 
  17.122      3.128 
  16.390      2.854 
  17.206      3.062 
   4.996     -0.072 
  15.492      2.594 
  11.975      1.132 
  17.129      3.161 
  17.544      3.382 
  16.159      2.731 
  15.650      2.610 
  17.068      3.090 
  15.675      2.637 
  16.721      3.012 
   8.065      0.154 
  15.746      2.712 
  15.768      2.692 
  15.190      2.462 
  12.613      1.272 
  16.642      2.984 
  16.768      2.876 
  17.107      3.200 
  15.935      2.797 
   5.100     -0.077 
  16.877      3.208 
  16.187      2.921 
  15.879      2.713 
  17.189      3.258 
   8.000      0.280 
  16.813      2.954 
  16.812      3.084 
  14.963      2.100 
  15.432      2.698 
  12.215      1.185 
   9.986      0.725 
  13.387      1.659 
  17.682      3.216 
  16.461      2.987 
  15.753      2.753 
  14.971      2.308 
  17.940      3.452 
  16.697      2.901 
  15.515      2.556 
  17.301      3.316 
  17.612      3.234 
  17.118      3.134 
  16.607      3.043 
  12.043      1.139 
  16.285      2.875 
  16.786      3.083 
   7.937      0.180 
  13.660      1.626 
  15.255      2.527 
  16.492      3.067 
  16.748      3.008 
  12.833      1.415 
  17.755      3.420 
  16.103      2.833 
  16.341      2.958 
  16.654      3.118 
  17.351      3.130 
  14.436      2.095 
  15.795      2.787 
  16.172      2.971 
   7.261      0.033 
  16.826      3.070 
  14.997      2.500 
  17.957      3.370 
  16.472      2.967 
  16.828      3.050 
  11.463      1.044 
  15.673      2.646 
  17.792      3.140 
  12.876      1.351 
   7.924      0.166 
   7.122      0.080 
  11.647      1.012 
  12.808      1.342 
  12.305      1.181 
  16.696      3.052 
   9.803      0.685 
  10.989      0.903 
  15.947      2.805 
  16.774      2.947 
  12.595      1.344 
  14.411      2.073 
  14.686      2.248 
   9.886      0.675 
   9.602      0.608 
  15.267      2.473 
  16.414      2.899 
  15.476      2.597 
  15.015      2.355 
  16.974      3.043 
   9.614      0.656 
  17.526      3.335 
  15.666      2.679 
  16.957      3.104 
  13.798      1.923 
   8.905      0.386 
  11.654      1.116 
  15.829      2.755 
  13.040      1.462 
  16.276      2.953 
  17.630      3.442 
  17.463      3.254 
   8.139      0.265 
  10.008      0.702 
  16.363      2.932 
  17.002      2.867 
  10.231      0.756 
  17.799      2.950 
  13.119      1.469 
  17.483      3.194 
  16.598      3.046 
  17.783      3.211 
  16.675      2.987 
  13.880      1.816 
  17.574      3.264 
   9.163      0.580 
  15.088      2.501 
  16.975      3.118 
  16.834      3.001 
  17.944      3.554 
  14.826      2.355 
  17.540      3.282 
  17.340      3.354 
  16.415      2.917 
  13.670      1.654 
  17.460      3.343 
  13.849      1.823 
  12.324      1.173 
  16.304      2.913 
  17.166      3.277 
  10.932      0.948 
  16.491      2.933 
  17.972      3.394 
  16.436      2.979 
  15.865      2.758 
  16.497      3.012 
   9.623      0.673 
  17.717      3.156 
  16.893      3.127 
  12.240      1.268 
  16.504      3.058 
  11.748      1.148 
  15.399      2.620 
  17.376      3.316 
  11.440      1.027 
   9.090      0.464 
  14.926      2.254 
  17.079      3.081 
  14.924      2.372 
  15.908      2.289 
  13.006      1.470 
  15.144      2.405 
  16.964      3.069 
  16.495      3.029 
  17.182      3.144 
  15.289      2.449 
  17.325      3.116 
  14.407      2.088 
  14.024      1.915 
  15.972      2.768 
  16.300      2.825 
  17.380      3.398 
  16.467      2.971 
  17.036      3.181 
  12.738      1.360 
  13.272      1.605 
  16.532      2.888 
  16.315      2.953 
   8.913      0.458 
  15.759      2.677 
  15.742      2.834 
  11.333      1.060 
  14.812      2.305 
  15.086      2.487 
  15.899      2.757 
  15.239      2.540 
  17.483      3.203 
  17.993      3.448 
  12.658      1.276 
  12.237      1.259 
  16.144      2.908 
  14.980      2.398 
  16.701      3.097 
  17.329      3.254 
   9.848      0.704 
  11.810      1.083 
  12.705      1.319 
   4.925     -0.114 
  10.199      0.778 
  16.820      3.024 
  15.551      2.593 
   7.489      0.057 
  16.208      2.851 
  17.226      3.106 
  16.254      2.907 
   9.773      0.670 
  12.580      1.301 
  16.016      2.765 
  17.562      3.141 
  17.436      3.264 
  11.771      1.053 
  13.240      1.519 
  10.424      0.786 
  12.002      1.112 
  17.572      3.198 
  16.476      3.063 
  17.163      3.124 
  15.188      2.431 
   9.647      0.627 
  12.770      1.352 
   9.630      0.658 
  14.066      1.910 
  16.639      3.134 
  16.821      3.002 
  17.833      3.308 
   9.081      0.547 
  12.609      1.312 
  16.820      3.122 
  16.279      2.983 
  11.844      1.152 
  16.645      2.921 
   6.960      0.042 
  17.209      3.223 
  17.605      3.263 
  13.803      1.825 
  15.574      2.701 
  16.159      2.877 
  15.904      2.771 
  14.852      2.283 
  17.051      2.956 
  16.937      3.049 
  17.742      3.413 
  16.312      2.933 
  12.522      1.268 
  12.581      1.274 
  12.568      1.318 
   7.858      0.108 
  16.097      2.791 
  17.231      3.195 
   9.514      0.610 
  12.578      1.269 
  17.070      3.083 
  13.659      1.696 
  17.836      3.254 
  15.390      2.570 
  16.660      3.031 
  15.902      2.796 
  16.086      2.874 
  15.681      2.612 
  16.751      2.963 
  14.635      2.306 
  12.835      1.324 
  17.482      3.046 
  15.690      2.613 
  16.098      2.937 
  16.333      2.974 
   8.136      0.161 
  17.275      3.071 
  16.354      2.818 
  15.661      2.679 
  16.730      2.916 
  11.400      0.983 
  10.146      0.740 
  11.425      1.037 
  17.405      3.113 
   6.059     -0.101 
  17.324      3.038 
  12.672      1.287 
  17.905      3.154 
   8.395      0.254 
  12.364      1.184 
  11.134      0.968 
   8.400      0.211 
  16.999      3.123 
  17.998      3.272 
  17.690      3.257 
  16.718      3.097 
   9.099      0.478 
   5.532     -0.037 
  14.884      2.276 
  16.351      2.830 
  17.959      3.236 
  17.599      3.078 
  13.837      1.809 
  10.536      0.830 
  16.661      2.988 
  17.438      3.132 
   9.114      0.559 
  17.910      3.202 
   8.726      0.348 
   8.570      0.266 
   8.086      0.262 
  16.263      2.895 
  11.475      1.025 
   5.275     -0.090 
   8.915      0.462 
  15.769      2.680 
  15.429      2.613 
  16.235      2.959 
   6.913     -0.011 
  16.754      3.036 
  14.923      2.368 
  15.378      2.542 
  14.895      2.242 
  12.987      1.434 
  17.034      3.165 
  16.681      2.989 
  16.372      3.027 
  16.451      2.958 
  13.827      1.763 
  12.362      1.274 
  11.160      0.921 
  17.921      3.542 
  15.361      2.567 
  16.589      2.874 
  17.077      2.976 
  16.371      2.740 
  11.744      1.021 
  16.963      3.021 
   8.973      0.481 
  13.419      1.585 
  17.456      3.239 
  17.045      3.122 
  12.639      1.278 
  17.043      3.225 
  15.508      2.640 
  14.523      2.371 
  15.789      2.748 
  16.964      2.996 
  17.028      2.993 
  16.518      2.811 
  11.745      1.075 
  17.259      3.055 
  11.977      1.140 
  17.555      3.182 
  16.293      2.806 
  15.867      2.662 
  11.678      1.062 
  17.489      3.056 
  16.783      3.039 
  17.438      3.380 
  14.841      2.262 
   7.628      0.119 
  17.505      3.427 
  12.332      1.235 
  17.575      3.323 
  17.942      3.247 
  17.112      3.191 
  11.744      1.069 
  17.230      3.110 
   9.473      0.624 
  10.946      0.963 
  15.616      2.702 
  17.825      3.185 
  12.625      1.372 
  10.735      0.911 
  15.855      2.703 
  11.984      1.206 
  16.043      2.824 
  17.749      3.326 
  17.179      3.367 
  16.146      2.906 
  17.568      3.550 
  16.350      2.989 
  17.077      3.218 
  11.997      1.150 
  15.089      2.410 
  15.333      2.511 
  16.935      3.015 
   9.939      0.767 
  16.520      3.100 
  16.767      3.112 
  16.306      2.909 
  15.432      2.586 
  12.621      1.278 
  12.281      1.171 
  11.761      1.058 
  15.014      2.508 
  14.784      2.245 
  16.400      2.988 
  17.371      3.204 
  14.558      2.070 
  12.716      1.392 
  17.852      3.355 
   7.604      0.138 
  11.098      0.932 
  15.395      2.539 
  17.484      3.312 
  16.454      2.984 
  14.261      2.042 
   9.788      0.732 
  13.029      1.426 
  17.875      3.538 
