       J        J-K 
  11.899      0.919 
  11.051      0.628 
  12.678      0.930 
  12.020      0.888 
  14.159      0.907 
   8.718      0.213 
  14.012      0.947 
  12.654      0.902 
  13.865      0.921 
  11.539      0.785 
  14.056      0.984 
  12.754      0.943 
  10.573      0.596 
  13.607      0.898 
  14.148      0.820 
   9.081      0.255 
  11.589      0.820 
  13.443      0.872 
  13.128      0.929 
  13.630      0.850 
  13.394      0.884 
   8.995      0.223 
   7.078     -0.027 
  12.266      0.868 
  13.047      0.888 
  14.421      0.908 
  14.128      0.926 
  13.080      0.862 
  13.679      0.865 
  13.678      0.935 
  12.826      0.942 
  13.912      0.909 
  12.200      0.934 
  12.886      0.907 
  11.044      0.652 
   9.655      0.388 
  13.309      0.906 
  13.896      0.865 
  14.430      0.967 
   7.691      0.048 
  12.760      0.850 
  11.214      0.746 
  13.760      0.904 
  13.530      0.895 
  11.941      0.921 
  13.492      0.919 
  10.991      0.596 
  11.805      0.899 
  10.999      0.668 
  13.844      0.898 
  12.638      0.899 
   7.206     -0.054 
   8.090      0.017 
  12.572      0.952 
   8.233      0.070 
   6.752     -0.044 
  11.021      0.682 
  13.021      0.893 
   7.306     -0.014 
  12.883      0.884 
  11.792      0.892 
   7.439      0.028 
   9.351      0.333 
  13.708      0.919 
  13.282      0.940 
  13.721      0.874 
  13.640      0.934 
  12.146      0.864 
  13.628      0.889 
  14.152      0.933 
  14.317      0.906 
  13.516      0.870 
  10.496      0.524 
  14.547      0.891 
  13.037      0.881 
  13.078      0.866 
  14.381      0.894 
  10.317      0.500 
  11.273      0.692 
  14.381      0.869 
  12.657      0.875 
  12.956      0.893 
  12.579      0.904 
  12.403      0.900 
   9.047      0.225 
  14.231      0.960 
   8.104      0.099 
  14.273      0.915 
  12.481      0.948 
   8.153      0.086 
  13.087      0.848 
  10.668      0.499 
  11.661      0.838 
  11.960      0.903 
  13.472      0.894 
  13.836      0.906 
  12.746      0.909 
  14.097      0.911 
  14.255      0.903 
  12.764      0.907 
  10.878      0.685 
  14.007      0.865 
  14.012      0.971 
   7.400     -0.005 
  13.733      0.893 
  11.571      0.850 
  12.039      0.957 
  12.783      0.929 
  14.345      0.861 
  11.931      0.871 
  13.365      0.908 
  11.938      0.884 
   6.461     -0.098 
  13.882      0.954 
  11.289      0.751 
  12.545      0.866 
  13.276      0.919 
  13.783      0.880 
  13.708      0.884 
  13.652      0.891 
  12.569      0.922 
  14.160      0.885 
  14.122      0.877 
  12.611      0.932 
  14.096      0.828 
  12.656      0.894 
  12.705      0.960 
  13.177      0.897 
  14.155      0.917 
   8.023      0.030 
  11.883      0.847 
   9.491      0.327 
  10.520      0.538 
  13.350      0.915 
  10.805      0.634 
  13.266      0.849 
  13.661      0.921 
  14.102      0.914 
  12.763      0.881 
  13.467      0.865 
  13.014      0.903 
  14.218      0.876 
  11.057      0.617 
  13.060      0.911 
  12.698      0.878 
  10.892      0.595 
  13.348      0.909 
  13.710      0.881 
  11.000      0.650 
  14.201      0.838 
  10.993      0.696 
  11.126      0.692 
  12.721      0.944 
   9.970      0.403 
  14.374      0.942 
  12.463      0.896 
  12.510      0.918 
   9.297      0.295 
   8.693      0.164 
  10.082      0.437 
  11.993      0.904 
  12.293      0.924 
   8.502      0.214 
  13.335      0.923 
  11.970      0.933 
  14.480      0.937 
  14.133      0.951 
  11.203      0.686 
  14.511      0.851 
  12.912      0.868 
   8.204      0.083 
  11.937      0.918 
  13.560      0.854 
  12.188      0.969 
   8.880      0.270 
  10.982      0.599 
  13.584      0.961 
  11.937      0.873 
  10.348      0.513 
  13.623      0.918 
  10.192      0.437 
  12.850      0.905 
  12.537      0.932 
  12.192      0.914 
  14.453      0.926 
  14.007      0.937 
  14.428      0.933 
  12.904      0.918 
  14.271      0.909 
  13.427      0.858 
  12.265      0.921 
  12.777      0.956 
   6.862     -0.067 
  11.652      0.871 
   9.501      0.310 
  13.717      0.914 
   9.501      0.310 
  13.981      0.874 
  13.462      0.858 
  14.472      0.881 
  14.018      0.892 
  12.943      0.965 
  12.973      0.883 
  11.103      0.647 
  11.123      0.628 
  13.399      0.979 
  13.653      0.934 
  13.365      0.890 
   7.157     -0.034 
  13.034      0.867 
  13.697      0.909 
  12.700      0.871 
  12.560      0.933 
  13.635      0.937 
  13.437      0.915 
  13.516      0.882 
   9.507      0.305 
  10.830      0.637 
  14.617      0.902 
  11.981      0.921 
  13.176      0.902 
  13.602      0.893 
  14.554      0.987 
  12.763      0.900 
   9.281      0.332 
  10.967      0.615 
  13.325      0.914 
   9.877      0.385 
  12.089      0.889 
  12.511      0.882 
  13.420      0.902 
  11.063      0.617 
  12.563      0.917 
   6.300     -0.089 
  14.374      0.967 
   7.862      0.042 
  14.416      1.000 
  13.332      0.893 
  11.999      0.887 
  13.715      0.962 
  11.487      0.761 
  13.530      0.915 
  10.683      0.560 
   9.337      0.324 
  10.719      0.582 
  14.158      0.896 
  11.989      0.859 
  13.738      0.924 
  10.485      0.532 
  14.180      0.964 
  13.768      0.898 
   8.194      0.115 
   6.722     -0.044 
  12.373      0.930 
  10.800      0.539 
  13.355      0.860 
  12.262      0.889 
  14.186      0.924 
  14.265      0.857 
   9.137      0.300 
  12.647      0.900 
  14.802      0.937 
  13.351      0.857 
  12.855      0.886 
  14.179      0.913 
  13.794      0.856 
  12.256      0.899 
  13.925      0.931 
  13.380      0.874 
  13.973      0.969 
   5.092     -0.104 
  12.673      0.893 
  10.483      0.566 
  13.877      0.972 
  14.098      0.918 
  13.029      0.893 
  12.833      0.887 
  13.828      0.930 
  12.776      0.894 
  13.630      0.903 
  13.593      0.881 
   7.856     -0.001 
  12.841      0.912 
  12.891      0.911 
  12.524      0.838 
  11.039      0.606 
  13.470      0.900 
  13.683      0.915 
  13.729      0.888 
  12.911      0.935 
   9.109      0.316 
   5.238     -0.088 
  13.591      0.973 
  13.099      0.877 
  12.946      0.898 
  13.844      0.939 
   7.584      0.043 
  13.613      0.952 
  13.681      0.909 
  12.564      0.959 
  10.807      0.603 
   9.055      0.264 
  14.350      0.875 
  13.331      0.867 
  12.790      0.885 
  12.281      0.902 
  14.511      0.888 
  13.621      0.876 
  12.774      0.909 
  13.952      0.913 
  14.173      0.882 
  13.912      0.955 
  13.406      0.840 
  10.535      0.572 
  13.270      0.949 
  13.594      0.918 
   7.687      0.024 
  10.535      0.572 
  12.475      0.918 
  13.289      0.931 
  13.605      0.922 
  11.073      0.679 
  14.334      0.870 
  13.039      0.871 
  13.245      0.879 
  13.410      0.960 
  14.155      0.915 
  12.028      0.885 
  12.806      0.881 
  13.006      0.870 
   7.182     -0.026 
  13.689      0.947 
  12.205      0.964 
  14.571      0.913 
  13.382      0.909 
  13.678      0.896 
  12.834      0.878 
  13.367      0.886 
  11.194      0.699 
   7.675      0.011 
   7.010     -0.035 
  10.452      0.490 
  11.046      0.683 
  10.799      0.545 
  13.520      0.934 
   8.937      0.248 
   9.867      0.379 
  12.994      0.923 
  13.670      0.891 
  10.888      0.679 
  11.994      0.901 
  12.127      0.900 
   9.035      0.251 
   8.841      0.237 
  12.564      0.869 
  13.308      0.915 
  12.649      0.922 
  12.343      0.890 
  13.844      0.836 
   8.829      0.225 
  14.125      0.961 
  12.776      0.905 
  13.782      0.898 
  11.486      0.858 
   8.377      0.082 
  12.897      0.890 
  10.281      0.517 
  12.858      0.905 
  13.264      0.893 
  11.194      0.751 
  13.211      0.937 
  14.227      0.945 
  14.158      0.945 
   7.797      0.071 
   9.111      0.265 
  13.261      0.913 
  13.412      0.927 
  13.877      0.888 
   9.281      0.287 
  14.506      0.921 
  11.232      0.704 
  14.131      0.927 
  13.368      0.925 
  14.415      0.917 
  13.536      0.907 
  11.646      0.847 
  14.312      0.907 
   8.369      0.175 
  12.353      0.930 
  13.748      0.889 
   7.320      0.008 
  14.282      0.989 
  12.142      0.902 
  14.183      0.905 
  13.437      0.944 
  11.680      0.778 
  14.079      0.923 
  11.713      0.894 
  10.830      0.580 
  13.287      0.883 
  13.865      0.871 
   9.707      0.427 
  13.428      0.909 
  14.552      0.925 
  13.553      0.868 
  13.321      0.943 
  12.903      0.934 
  13.319      0.922 
   8.790      0.254 
  14.405      0.882 
  13.686      0.866 
  13.317      0.952 
  12.523      0.923 
  14.102      0.913 
   8.454      0.089 
  12.379      0.891 
  13.881      0.877 
  12.312      0.894 
  11.215      0.741 
  12.462      0.915 
  13.794      0.893 
  13.370      0.973 
  14.051      0.966 
  12.539      0.845 
  13.963      0.845 
  12.032      0.875 
  11.802      0.868 
  13.036      0.877 
  12.915      0.829 
  13.926      0.893 
  12.915      0.829 
  13.802      0.931 
  10.975      0.640 
  11.300      0.722 
  13.497      0.862 
  11.851      0.895 
  13.257      0.939 
   8.325      0.174 
  13.120      0.851 
  12.880      0.888 
  12.698      0.964 
  12.204      0.938 
  12.312      0.916 
  12.929      0.878 
  13.293      0.929 
  12.848      0.976 
  12.454      0.959 
  14.164      0.909 
  14.492      0.913 
  11.037      0.615 
  13.072      0.932 
  12.377      0.908 
  12.425      0.866 
  13.535      0.913 
  14.062      0.872 
   8.966      0.284 
  10.374      0.499 
  11.079      0.684 
   5.117     -0.100 
   9.200      0.306 
  13.672      0.902 
   7.358     -0.057 
  13.224      0.845 
  13.910      0.872 
  13.205      0.862 
   8.881      0.218 
  10.810      0.596 
  13.049      0.836 
  14.276      0.918 
  13.179      0.879 
  14.065      0.844 
  10.463      0.500 
  11.383      0.782 
   9.433      0.296 
  10.538      0.528 
  13.345      0.917 
  13.968      0.906 
  12.479      0.924 
   8.838      0.196 
  11.087      0.654 
   8.764      0.197 
  11.822      0.878 
  13.369      0.918 
  13.698      0.925 
  14.464      0.927 
   8.365      0.179 
  10.957      0.630 
  13.562      0.973 
  12.898      0.908 
  13.141      0.894 
  10.411      0.527 
  13.622      0.886 
  13.929      0.936 
  14.249      0.913 
  11.714      0.901 
  12.635      0.938 
  13.091      0.886 
  12.951      0.924 
  12.276      0.915 
  13.882      0.844 
  13.738      0.901 
  14.320      0.991 
  13.243      0.883 
  12.010      0.867 
  10.824      0.627 
  10.900      0.591 
  10.775      0.665 
   7.705      0.012 
  13.051      0.875 
  13.969      0.993 
   8.735      0.233 
  10.999      0.689 
  13.882      0.891 
  11.551      0.793 
  14.548      0.833 
  12.579      0.897 
  13.522      0.950 
  12.933      0.899 
  13.071      0.898 
  12.813      0.876 
  13.639      0.857 
  11.964      0.877 
  11.124      0.674 
  14.304      0.944 
  12.855      0.894 
  13.023      0.900 
  13.240      0.867 
   7.887      0.014 
  14.016      0.886 
  13.400      0.925 
  12.769      0.887 
  13.677      0.887 
  13.227      0.932 
  10.183      0.486 
   9.199      0.275 
  14.202      0.884 
  13.351      0.872 
   6.198     -0.111 
  14.071      0.884 
  11.038      0.702 
  14.489      0.863 
   8.037      0.039 
  10.942      0.559 
   8.070      0.023 
  13.792      0.898 
  14.653      0.849 
  13.141      0.893 
  13.559      0.959 
   8.483      0.127 
  12.319      0.904 
  13.141      0.893 
  13.602      0.912 
  14.609      0.822 
  14.261      0.960 
  11.657      0.858 
   9.482      0.326 
  13.551      0.870 
  14.155      0.905 
  14.558      0.898 
   8.223      0.049 
   8.185      0.096 
  13.206      0.891 
   5.403     -0.134 
  12.883      0.885 
  12.580      0.937 
  13.132      0.915 
   6.892     -0.067 
  13.621      0.860 
  12.203      0.937 
  12.607      0.922 
  12.362      0.929 
  11.177      0.737 
  13.738      0.875 
  13.553      0.885 
  13.257      0.902 
  13.373      0.935 
  11.790      0.897 
  10.743      0.570 
  10.102      0.480 
  14.289      0.914 
  12.535      0.889 
  13.520      0.942 
  13.972      0.885 
  13.135      0.889 
  12.590      0.896 
  10.434      0.453 
  13.694      0.892 
   8.337      0.162 
  11.430      0.782 
  14.058      0.886 
  13.776      0.888 
  11.072      0.653 
  12.338      0.904 
  13.736      0.917 
  12.613      0.908 
  11.794      0.910 
  12.866      0.921 
  12.565      0.873 
  13.857      0.880 
  13.838      0.929 
  14.020      0.939 
  10.564      0.530 
  14.326      0.939 
  13.301      0.914 
  12.946      0.880 
  10.313      0.478 
  13.565      0.847 
  14.035      0.862 
  12.284      0.908 
   7.459      0.002 
  14.086      0.889 
  10.745      0.591 
  14.229      0.956 
  14.668      0.957 
  13.871      0.909 
  10.340      0.453 
  14.046      0.896 
   8.663      0.206 
   9.678      0.417 
  12.736      0.946 
  14.324      0.871 
  10.911      0.623 
   9.632      0.416 
  12.900      0.868 
  10.403      0.558 
   8.900      0.286 
  13.035      0.954 
  14.350      0.953 
  13.810      0.903 
  13.052      0.869 
  14.120      0.969 
  13.228      0.926 
  13.770      0.971 
  10.538      0.523 
  12.412      0.924 
  12.561      0.919 
  13.841      0.900 
   8.975      0.288 
  10.200      0.503 
  13.316      0.918 
  13.563      0.970 
  13.257      0.926 
  12.644      0.931 
  12.922      0.922 
  10.873      0.587 
  12.953      0.932 
  10.807      0.599 
  10.428      0.527 
  12.273      0.904 
  12.245      0.895 
  13.258      0.880 
  14.107      0.960 
  12.160      0.904 
  10.787      0.649 
  14.514      0.964 
   7.347     -0.035 
   9.900      0.398 
  12.664      0.919 
  14.190      0.912 
  13.312      0.896 
  11.851      0.926 
   8.873      0.233 
  11.294      0.697 
  14.400      0.931 
