       J        J-K 
  13.956      0.350 
  14.178      0.381 
   7.466      1.066 
  14.544      0.555 
  13.871      0.396 
  15.036      0.346 
  15.759      0.529 
  15.456      0.467 
  15.681      0.687 
  13.508      0.544 
  14.685      0.357 
  14.559      0.367 
  14.156      0.589 
  13.698      0.361 
  13.648      0.449 
  15.913      0.807 
  14.282      0.359 
  13.519      0.482 
  10.557      0.714 
  14.691      0.402 
  15.266      0.583 
  15.408      0.533 
  15.674      0.630 
  14.614      0.437 
  15.340      0.539 
  15.752      0.668 
  13.548      0.478 
  15.836      0.596 
  15.777      0.497 
  15.890      0.751 
  11.537      0.700 
  10.429      0.701 
  12.333      0.623 
  16.160      0.817 
  15.092      0.479 
  13.685      0.313 
  15.782      0.511 
  16.004      0.693 
  14.261      0.417 
  15.660      0.678 
  14.752      0.409 
  14.656      0.465 
  16.023      0.744 
  14.157      0.333 
  15.380      0.452 
  15.174      0.412 
   8.889      0.980 
  14.076      0.355 
  14.386      0.368 
  14.113      0.405 
  13.531      0.464 
  14.596      0.370 
  14.106      0.367 
  15.515      0.537 
  14.710      0.406 
  15.035      0.408 
  15.814      0.663 
  15.074      0.493 
  15.540      0.568 
  15.091      0.561 
  16.004      0.720 
  14.712      0.426 
  14.360      0.358 
  16.109      0.597 
  12.774      0.607 
  14.578      0.339 
  14.838      0.479 
  14.317      0.478 
  15.672      0.726 
  14.414      0.363 
  14.659      0.480 
  15.015      0.458 
  13.895      0.401 
  15.434      0.417 
  15.000      0.569 
  15.043      0.396 
  14.757      0.348 
  13.331      0.288 
  14.929      0.421 
  15.290      0.404 
  14.218      0.401 
  15.338      0.458 
  15.761      0.592 
  10.452      0.800 
  15.108      0.501 
  14.843      0.354 
  14.058      0.379 
  15.002      0.564 
  14.247      0.429 
  13.952      0.407 
  14.959      0.367 
  12.304      0.666 
  15.090      0.416 
  10.377      0.701 
  15.215      0.546 
  10.284      0.579 
  14.678      0.413 
  13.491      0.385 
  13.889      0.477 
  14.099      0.437 
  15.573      0.765 
  15.680      0.485 
  13.812      0.471 
  14.756      0.393 
  15.235      0.582 
  14.096      0.425 
  15.089      0.529 
  15.083      0.443 
  15.784      0.704 
  13.722      0.398 
  13.691      0.524 
  13.622      0.387 
  14.265      0.517 
  13.710      0.302 
  14.868      0.414 
  13.384      0.542 
  13.333      0.552 
  13.866      0.426 
  13.533      0.432 
  14.569      0.368 
  14.550      0.328 
  13.866      0.426 
  12.316      0.315 
  14.999      0.584 
  13.355      0.392 
  15.053      0.597 
  16.045      0.899 
  14.825      0.545 
  13.630      0.383 
  14.899      0.546 
  14.598      0.424 
  14.475      0.415 
  14.180      0.378 
  14.575      0.321 
  15.964      0.586 
  13.967      0.308 
  13.349      0.298 
  15.141      0.437 
  14.261      0.304 
  13.668      0.365 
  15.204      0.520 
  10.921      0.701 
  14.777      0.426 
  13.985      0.374 
  14.015      0.381 
  15.227      0.449 
  15.129      0.646 
  14.260      0.417 
  13.583      0.338 
  13.732      0.417 
  15.077      0.418 
  15.075      0.422 
  15.858      0.648 
  13.662      0.414 
  13.857      0.303 
  14.927      0.589 
  13.968      0.369 
  14.510      0.342 
  15.452      0.554 
  13.757      0.314 
  16.124      0.541 
  16.215      0.918 
  15.031      0.375 
  14.406      0.394 
  15.156      0.411 
  13.752      0.385 
  14.146      0.341 
  14.348      0.510 
  14.833      0.435 
  13.361      0.337 
  13.064      0.286 
  13.907      0.360 
  15.844      0.702 
  14.529      0.296 
  14.233      0.424 
  14.793      0.440 
  15.481      0.598 
  15.082      0.544 
  14.279      0.377 
  13.539      0.655 
  14.730      0.612 
  14.001      0.409 
  13.660      0.425 
  14.890      0.390 
  15.631      0.849 
  13.730      0.299 
  14.855      0.459 
  14.178      0.424 
  15.870      0.693 
  12.851      0.572 
  15.717      0.521 
  13.821      0.386 
  15.498      0.704 
  14.606      0.395 
  16.353      0.830 
  12.524      0.648 
  12.558      0.635 
  15.811      0.705 
  13.589      0.446 
  13.078      0.589 
  15.612      0.626 
  13.961      0.434 
  14.867      0.360 
  15.214      0.565 
  14.440      0.321 
  14.999      0.370 
  15.020      0.565 
  13.541      0.375 
  14.374      0.275 
  13.796      0.391 
  14.300      0.461 
  14.485      0.402 
  16.002      0.523 
  13.528      0.443 
  14.505      0.426 
  15.381      0.606 
  10.208      0.779 
  15.180      0.753 
  15.745      0.612 
  15.727      0.859 
  14.580      0.446 
  15.650      0.699 
  13.769      0.387 
  14.239      0.478 
  15.459      0.641 
  14.383      0.342 
  14.773      0.503 
  13.986      0.348 
  14.839      0.487 
  15.266      0.438 
  14.678      0.336 
  16.063      0.570 
  11.925      0.544 
  14.958      0.484 
  15.917      0.645 
  15.130      0.454 
  14.285      0.418 
  14.784      0.440 
  16.133      0.842 
  14.611      0.446 
  14.888      0.540 
  14.067      0.432 
  15.341      0.839 
  14.865      0.541 
  14.486      0.379 
  14.533      0.568 
  13.521      0.472 
  15.393      0.564 
  12.672      0.627 
  13.280      0.289 
  13.792      0.433 
  15.661      0.754 
  12.538      0.562 
  15.230      0.459 
  13.740      0.355 
  13.737      0.327 
  15.171      0.447 
  14.875      0.430 
  15.501      0.495 
  14.030      0.336 
  15.989      0.656 
  14.295      0.422 
  13.983      0.416 
  15.527      0.650 
  15.634      0.791 
  15.427      0.583 
  13.982      0.403 
  15.284      0.460 
  12.005      0.684 
  13.977      0.417 
  15.602      0.955 
  15.507      0.712 
  13.714      0.354 
  15.673      0.705 
  16.108      0.802 
  15.056      0.427 
  14.742      0.430 
  13.590      0.401 
  14.505      0.526 
  14.550      0.403 
  14.879      0.605 
  13.526      0.430 
  13.486      0.493 
  13.473      0.613 
  13.670      0.415 
  12.863      0.279 
  14.661      0.428 
  15.954      0.932 
  15.796      0.841 
  14.940      0.462 
  14.269      0.321 
  15.333      0.515 
  14.708      0.372 
  15.232      0.634 
  13.173      0.594 
  10.908      0.721 
  15.733      0.689 
  14.401      0.276 
  14.549      0.375 
  13.175      0.611 
  14.360      0.382 
  14.165      0.424 
  14.692      0.425 
  13.549      0.448 
  16.079      0.652 
  15.019      0.647 
  13.960      0.434 
  15.432      0.729 
  14.509      0.343 
  15.888      0.545 
  13.800      0.369 
  15.868      0.671 
  13.628      0.435 
  15.339      0.661 
  14.480      0.372 
  15.136      0.577 
  13.822      0.297 
  10.403      0.701 
  14.293      0.389 
  13.713      0.380 
  14.117      0.369 
  14.780      0.520 
  14.909      0.596 
  15.759      0.675 
  15.063      0.606 
  15.231      0.506 
  14.865      0.573 
  10.385      0.711 
  15.221      0.702 
  15.805      0.622 
  13.971      0.360 
  13.966      0.390 
  15.922      0.586 
  14.281      0.530 
  14.722      0.539 
  15.877      0.697 
  15.951      0.541 
  14.582      0.371 
  14.570      0.485 
  15.385      0.620 
  13.446      0.576 
  14.735      0.679 
  15.593      0.473 
  14.850      0.460 
  14.617      0.442 
  15.162      0.387 
  15.977      0.513 
  13.544      0.449 
  15.914      0.602 
  14.875      0.386 
  14.607      0.420 
  15.335      0.410 
  13.970      0.295 
  14.401      0.525 
  15.621      0.793 
  15.175      0.603 
  14.224      0.299 
  14.693      0.359 
  14.000      0.392 
  15.750      0.555 
  14.974      0.489 
  13.811      0.443 
  14.500      0.364 
  15.733      0.509 
  13.975      0.366 
  15.817      0.763 
  14.419      0.480 
  14.128      0.448 
  16.428      0.767 
  16.115      0.702 
  15.488      0.762 
  15.049      0.529 
  14.195      0.428 
  15.008      0.477 
  16.175      0.628 
  14.793      0.398 
  14.524      0.539 
  13.605      0.434 
  14.031      0.400 
  13.694      0.416 
  13.542      0.388 
  15.287      0.414 
  15.532      0.487 
  16.017      0.723 
  15.225      0.602 
  13.200      0.456 
  13.555      0.494 
  14.382      0.369 
  12.072      0.576 
  15.393      0.940 
  14.628      0.404 
  15.884      0.611 
  14.516      0.383 
  13.515      0.388 
  13.197      0.522 
  15.437      0.568 
  14.707      0.482 
  14.269      0.430 
  15.190      0.524 
  14.783      0.362 
  15.733      0.569 
  15.579      0.596 
  14.347      0.447 
  15.068      0.496 
  16.305      0.584 
  15.242      0.719 
  14.575      0.539 
  13.644      0.444 
  15.147      0.524 
  15.125      0.605 
  15.872      0.659 
  14.915      0.342 
  15.897      0.628 
  15.480      0.793 
  14.293      0.466 
  14.640      0.409 
  14.447      0.364 
  15.018      0.524 
  14.571      0.322 
  14.273      0.350 
  15.579      0.598 
  13.440      0.391 
  15.239      0.507 
  14.779      0.404 
  14.537      0.512 
  14.195      0.318 
  14.704      0.370 
  14.965      0.445 
  10.252      0.632 
  16.042      0.867 
  13.684      0.470 
  14.442      0.608 
  13.859      0.316 
  10.823      0.716 
  15.050      0.350 
  15.474      0.473 
  14.954      0.657 
  12.167      0.616 
  13.430      0.521 
  14.465      0.491 
  14.447      0.366 
  12.748      0.352 
  12.510      0.778 
  15.693      0.551 
  14.180      0.331 
  15.970      0.653 
  14.521      0.286 
  13.461      0.532 
  10.098      0.794 
  15.865      0.649 
  12.100      0.684 
  13.913      0.468 
  14.944      0.535 
  15.434      0.426 
  13.570      0.406 
  15.353      0.798 
   9.891      0.791 
  13.280      0.289 
  15.894      0.738 
  15.218      0.406 
  14.549      0.454 
  15.403      0.695 
  15.579      0.463 
  13.535      0.598 
  13.277      0.644 
  10.451      0.752 
  14.103      0.303 
  14.151      0.303 
  14.891      0.376 
   9.966      0.706 
  15.462      0.479 
  16.094      0.534 
  13.722      0.343 
  14.292      0.416 
  16.022      0.610 
  14.602      0.377 
  15.399      0.450 
  13.890      0.373 
  14.177      0.399 
  14.551      0.486 
  15.708      0.661 
  16.055      0.650 
  13.668      0.405 
  14.384      0.474 
  13.566      0.450 
  14.302      0.371 
  14.172      0.350 
  16.219      0.776 
  15.114      0.385 
  13.951      0.525 
  15.756      0.643 
  14.499      0.331 
  12.733      0.652 
  14.194      0.355 
  16.068      0.937 
  15.064      0.574 
  15.159      0.444 
  15.573      0.798 
  13.836      0.403 
  15.849      0.559 
  15.242      0.473 
  15.201      0.499 
  14.341      0.449 
  14.316      0.321 
  14.687      0.422 
  15.579      0.643 
  14.739      0.441 
  10.388      0.692 
  15.448      0.496 
  15.929      0.787 
  14.265      0.416 
  15.680      0.904 
  16.131      0.638 
  15.931      0.861 
  13.812      0.388 
  15.361      0.455 
  13.562      0.523 
  14.523      0.473 
  13.605      0.376 
  15.642      0.621 
  14.465      0.294 
  13.454      0.367 
  14.464      0.525 
  14.153      0.300 
  14.032      0.378 
  15.726      0.535 
  15.183      0.569 
  14.275      0.355 
  15.053      0.428 
  14.922      0.472 
  14.951      0.454 
  14.021      0.340 
  16.113      0.807 
  15.930      0.819 
  13.496      0.333 
  15.559      0.687 
  14.281      0.421 
  13.900      0.403 
  15.178      0.520 
  14.741      0.452 
  16.057      0.694 
  15.946      0.828 
  13.136      0.547 
  15.726      0.635 
  15.367      0.527 
  10.594      0.769 
  13.016      0.571 
  16.048      0.643 
  15.829      0.778 
  14.042      0.354 
  11.376      0.674 
  14.050      0.349 
  14.951      0.529 
  15.173      0.651 
  13.611      0.355 
  13.334      0.550 
  14.867      0.468 
  14.936      0.428 
  13.414      0.576 
  16.328      0.834 
  14.887      0.438 
  14.401      0.392 
  14.435      0.446 
  14.140      0.331 
  13.915      0.305 
  15.570      0.546 
  15.614      0.483 
  15.469      0.531 
  14.043      0.428 
  12.698      0.656 
  13.778      0.388 
  15.830      0.635 
  14.596      0.377 
  14.970      0.362 
  16.388      0.918 
  15.328      0.698 
  15.587      0.497 
  13.541      0.407 
  13.816      0.428 
  14.070      0.393 
  14.326      0.388 
  14.635      0.431 
  14.029      0.445 
  16.178      0.645 
  14.108      0.306 
  14.160      0.428 
  15.458      0.578 
  10.783      0.669 
  14.520      0.427 
  14.097      0.294 
  12.234      0.667 
  15.240      0.487 
  13.752      0.432 
  15.258      0.456 
  14.557      0.457 
  13.747      0.385 
  14.463      0.468 
  13.577      0.475 
  16.188      0.768 
  13.559      0.554 
  13.654      0.456 
  14.453      0.428 
  13.537      0.438 
  15.243      0.574 
  15.868      0.767 
  15.170      0.451 
  13.865      0.332 
  14.855      0.919 
  14.748      0.454 
  15.360      0.567 
  13.548      0.332 
  14.847      0.501 
  14.529      0.383 
  14.781      0.389 
  14.605      0.433 
  13.495      0.384 
  11.370      0.711 
  13.739      0.363 
  14.560      0.530 
  13.783      0.451 
  14.591      0.399 
  13.584      0.449 
  13.109      0.435 
  14.309      0.347 
  12.748      0.643 
  15.433      0.786 
  14.627      0.503 
  13.944      0.451 
  13.684      0.430 
  15.678      0.689 
  15.846      0.623 
  14.403      0.439 
  14.961      0.548 
  15.646      0.494 
  14.524      0.413 
  14.467      0.468 
  14.707      0.352 
  14.128      0.452 
  16.074      0.672 
  15.107      0.488 
  13.931      0.414 
  14.437      0.390 
  15.531      0.697 
  14.856      0.464 
  14.322      0.499 
  14.236      0.344 
  14.896      0.394 
  13.744      0.344 
  14.788      0.375 
  15.808      0.648 
  15.322      0.432 
  11.709      0.685 
  11.690      0.612 
  14.718      0.439 
  14.130      0.520 
  12.185      0.667 
  15.811      0.711 
  13.038      0.656 
  16.157      0.798 
  14.476      0.351 
  13.701      0.456 
  14.734      0.461 
  14.648      0.480 
  14.800      0.432 
  14.245      0.412 
  14.358      0.382 
  14.223      0.348 
  15.360      0.705 
  16.009      0.811 
  13.673      0.470 
  13.813      0.420 
  14.623      0.379 
  13.819      0.411 
  14.897      0.374 
  13.545      0.429 
  14.389      0.419 
  14.580      0.408 
  15.231      0.453 
  15.971      0.634 
  14.669      0.410 
  13.266      0.432 
  16.254      0.681 
  14.872      0.453 
  15.581      0.651 
  13.625      0.408 
  13.702      0.427 
  14.432      0.376 
   9.292      0.851 
  15.079      0.636 
  14.812      0.371 
  14.555      0.333 
  14.016      0.370 
  14.860      0.450 
  13.927      0.388 
  12.990      0.574 
  15.679      0.715 
  15.770      0.495 
  14.442      0.297 
  15.499      0.598 
  13.376      0.576 
  15.855      0.621 
  13.965      0.379 
  15.747      0.588 
  14.458      0.426 
  14.716      0.412 
  13.706      0.426 
  14.465      0.294 
  15.284      0.451 
   8.580      0.928 
  14.698      0.344 
  14.080      0.448 
  14.140      0.448 
  13.910      0.430 
  15.040      0.449 
  10.349      0.710 
  14.784      0.471 
  15.302      0.455 
  13.971      0.439 
  14.998      0.528 
  13.675      0.381 
  15.247      0.528 
  13.134      0.582 
  15.603      0.570 
  14.014      0.309 
  14.635      0.457 
  15.373      0.683 
  14.706      0.337 
  12.708      0.597 
  10.453      0.740 
