       V        B-V 
  14.930      0.783 
  18.895      1.134 
  18.221      1.043 
  17.529      0.927 
  17.252      0.892 
  18.588      1.090 
  17.926      1.088 
  17.351      0.888 
  16.263      0.778 
  18.539      1.172 
  16.104      0.706 
  17.592      0.971 
  17.092      0.887 
  17.094      0.882 
  16.360      0.766 
  19.338      1.286 
  17.607      0.957 
  16.358      0.744 
  16.159      0.723 
  17.808      1.020 
  16.615      0.763 
  16.284      0.765 
  16.669      0.829 
  17.988      1.108 
  19.481      1.416 
  16.877      0.809 
  18.022      1.026 
  18.764      1.254 
  19.187      1.291 
  16.860      0.835 
  18.817      1.216 
  17.648      0.934 
  16.464      0.794 
  17.778      1.029 
  18.358      1.138 
  18.734      1.220 
  17.921      1.048 
  16.783      0.815 
  16.966      0.889 
  18.273      1.041 
  17.953      1.099 
  16.912      0.861 
  18.586      1.210 
  16.369      0.733 
  17.724      1.011 
  16.325      0.742 
  17.035      0.856 
  18.400      1.169 
  19.093      1.294 
  18.338      1.086 
  16.807      0.842 
  16.611      0.819 
  18.525      1.118 
  17.883      0.987 
  18.395      1.148 
  19.366      1.329 
  15.309      0.663 
  17.860      1.019 
  16.231      0.763 
  17.467      0.985 
  18.337      1.097 
  17.977      1.032 
  18.398      1.147 
  18.580      1.108 
  17.943      1.032 
  17.937      1.010 
  18.129      1.090 
  18.774      1.150 
  18.517      1.120 
  16.807      0.823 
  16.745      0.788 
  16.289      0.779 
  17.175      0.907 
  19.125      1.363 
  18.558      1.126 
  17.487      0.976 
  17.188      0.903 
  17.750      0.951 
  17.509      0.976 
  17.757      0.994 
  16.266      0.687 
  18.201      1.103 
  16.879      0.818 
  18.780      1.116 
  17.241      0.938 
  17.341      0.925 
  18.157      1.083 
  17.301      0.936 
  18.699      1.192 
  16.688      0.755 
  18.046      1.090 
  16.797      0.824 
  17.000      0.859 
  18.377      1.162 
  18.456      1.161 
  17.255      0.921 
  17.277      0.891 
  16.362      0.734 
  17.194      0.913 
  16.630      0.793 
  17.636      1.038 
  18.736      1.208 
  17.800      1.043 
  17.816      1.029 
  16.889      0.851 
  19.182      1.222 
  16.828      0.821 
  16.883      0.854 
  18.139      1.088 
  17.315      0.932 
  15.971      0.708 
  17.156      0.862 
  18.018      1.071 
  17.205      0.895 
  17.021      0.885 
  17.811      1.002 
  18.479      1.161 
  18.322      1.087 
  17.230      0.889 
  18.642      1.146 
  16.800      0.861 
  17.355      0.899 
  18.650      1.193 
  18.967      1.338 
  18.090      1.092 
  16.429      0.770 
  19.518      1.371 
  18.338      1.111 
  17.490      0.999 
  16.872      0.845 
  17.640      1.012 
  17.153      0.921 
  16.876      0.818 
  18.314      1.079 
  19.117      1.287 
  17.997      1.058 
  17.544      1.010 
  17.784      0.997 
  17.239      0.876 
  16.509      0.754 
  17.420      0.988 
  17.825      0.961 
  18.097      0.997 
  17.743      1.031 
  17.606      1.005 
  18.382      1.121 
  18.212      1.039 
  17.298      0.911 
  18.580      1.148 
  18.392      1.158 
  17.558      0.982 
  15.232      0.681 
  17.396      0.923 
  17.468      0.971 
  18.231      1.130 
  18.067      1.108 
  17.196      0.932 
  16.850      0.836 
  16.584      0.798 
  15.086      0.689 
  17.515      0.972 
  15.853      0.696 
  18.353      1.148 
  19.041      1.259 
  15.124      0.678 
  16.345      0.764 
  15.049      0.688 
  17.568      0.996 
  16.392      0.732 
  17.992      1.064 
  16.304      0.760 
  16.417      0.764 
  16.684      0.851 
  17.491      0.973 
  17.864      1.054 
  17.802      1.066 
  17.560      0.979 
  18.209      1.152 
  18.252      1.100 
  17.871      1.083 
  15.638      0.687 
  18.714      1.170 
  16.159      0.704 
  18.689      1.199 
  16.128      0.717 
  16.609      0.802 
  18.469      1.166 
  18.813      1.186 
  17.323      0.910 
  17.714      0.995 
  18.298      1.154 
  18.027      1.102 
  16.962      0.851 
  16.356      0.785 
  18.960      1.154 
  18.647      1.240 
  16.540      0.735 
  18.041      1.119 
  17.329      0.949 
  17.914      1.066 
  17.994      1.062 
  17.784      1.013 
  16.607      0.750 
  17.588      0.980 
  16.995      0.857 
  18.400      1.103 
  17.237      0.916 
  16.749      0.844 
  17.436      0.890 
  18.876      1.118 
  16.959      0.849 
  17.887      1.041 
  18.979      1.160 
  18.713      1.239 
  17.402      0.965 
  17.947      1.080 
  16.545      0.818 
  17.414      0.962 
  18.286      1.022 
  17.496      0.934 
  17.842      0.946 
  19.305      1.267 
  16.991      0.877 
  16.735      0.839 
  18.753      1.258 
  18.546      1.099 
  18.852      1.195 
  19.224      1.209 
  18.267      1.094 
  18.987      1.140 
  16.260      0.753 
  18.133      1.086 
  18.439      1.199 
  17.717      0.924 
  17.925      1.031 
  17.329      0.891 
  17.969      1.049 
  16.173      0.741 
  17.997      1.099 
  16.814      0.868 
  18.203      1.154 
  18.639      1.153 
  18.758      1.227 
  16.825      0.834 
  17.887      1.010 
  16.903      0.815 
  18.302      1.060 
  19.239      1.304 
  19.206      1.186 
  16.069      0.753 
  16.649      0.803 
  17.420      0.936 
  16.249      0.718 
  17.504      0.918 
  16.543      0.811 
  17.265      0.916 
  16.733      0.841 
  16.271      0.774 
  18.512      1.064 
  17.010      0.819 
  18.887      1.217 
  19.194      1.262 
  17.402      0.987 
  16.660      0.836 
  15.962      0.736 
  15.924      0.733 
  16.275      0.781 
  17.673      1.013 
  17.533      0.958 
  18.489      1.119 
  18.256      1.058 
  16.511      0.817 
  16.651      0.825 
  17.671      0.930 
  18.088      1.128 
  17.805      1.054 
  17.536      0.976 
  16.997      0.888 
  19.228      1.395 
  17.087      0.850 
  18.511      1.144 
  18.616      1.076 
  16.808      0.823 
  14.871      0.724 
  16.335      0.760 
  14.981      0.712 
  14.914      0.958 
  16.759      0.783 
  16.506      0.752 
  14.950      0.707 
  15.292      0.660 
  16.935      0.844 
  15.511      0.656 
  14.941      0.785 
  15.112      0.672 
  15.820      0.689 
  16.699      0.817 
  16.743      0.802 
  14.995      0.681 
  15.394      0.660 
  15.158      0.798 
  16.010      0.706 
  16.307      0.759 
  15.308      0.711 
  16.305      0.732 
  15.891      0.705 
  15.275      0.720 
  15.360      0.719 
  16.103      0.700 
  15.300      0.701 
  15.315      0.708 
  15.141      0.965 
  16.395      0.762 
  15.085      0.673 
  15.022      0.702 
  14.952      0.741 
  15.718      0.680 
  14.987      0.704 
  15.107      0.696 
  15.003      0.795 
  16.474      0.786 
  13.679      1.116 
  15.253      0.659 
  14.188      1.061 
  14.908      0.729 
  15.908      0.681 
  15.459      0.655 
  15.068      0.869 
  16.123      0.720 
  16.022      0.705 
  12.323      1.292 
  14.911      0.734 
  15.100      0.671 
  15.765      0.686 
  13.897      1.089 
  15.037      0.698 
  15.841      0.680 
  15.528      0.679 
  15.956      0.734 
  16.825      0.806 
  16.777      0.840 
  14.672      1.034 
  16.377      0.803 
  15.079      0.899 
  14.970      0.694 
  15.528      0.683 
  16.436      0.766 
  16.093      0.722 
  16.650      0.810 
  15.029      0.940 
  16.394      0.749 
  14.974      0.724 
  15.250      0.707 
  15.132      0.672 
  15.199      0.674 
  15.496      0.673 
  15.178      0.713 
  16.301      0.757 
  16.908      0.797 
  15.230      0.680 
  14.875      0.697 
  15.791      0.695 
  17.394      0.967 
  17.126      0.871 
  17.094      0.875 
  17.516      0.921 
  17.021      0.869 
  17.680      0.967 
  17.116      0.873 
  17.496      0.933 
  17.335      0.896 
  18.231      1.131 
  19.229      1.199 
  17.936      1.056 
  17.072      0.921 
  17.642      0.987 
  18.874      1.309 
  17.718      1.054 
  18.273      1.117 
  18.627      1.187 
  18.315      1.110 
  17.692      0.947 
  17.664      1.013 
  17.874      0.996 
  17.680      0.965 
  18.850      1.272 
  18.987      1.264 
  18.545      1.207 
  18.317      1.155 
  17.164      0.917 
  16.738      0.832 
  15.920      0.712 
  19.159      1.278 
  15.123      0.663 
  16.006      0.715 
  15.350      0.693 
  16.181      0.745 
  15.079      0.673 
  15.331      0.688 
  16.557      0.817 
  16.181      0.751 
  15.166      1.017 
  15.910      0.731 
  15.979      0.732 
  15.215      0.675 
  15.768      0.702 
  16.512      0.812 
  16.121      0.738 
  15.046      0.691 
  15.282      0.677 
  15.886      0.712 
  15.094      0.921 
  16.316      0.747 
  15.745      0.696 
  16.123      0.726 
  15.096      0.703 
  15.879      0.716 
  16.017      0.734 
  15.519      0.683 
  15.805      0.704 
  12.968      1.167 
  14.941      0.783 
  15.835      0.684 
  15.407      0.672 
  15.405      0.691 
  16.263      0.750 
  15.299      0.689 
  14.948      0.717 
  15.170      0.697 
  16.921      0.862 
  16.570      0.775 
  15.032      0.673 
  15.349      0.697 
  14.931      0.741 
  14.922      0.716 
  15.171      0.664 
  16.813      0.862 
  12.451      1.292 
  15.049      0.682 
  15.789      0.680 
  15.697      0.692 
  15.086      0.683 
  15.730      0.692 
  14.967      0.712 
  13.010      1.208 
  15.589      0.682 
  14.934      0.757 
  16.505      0.783 
  14.997      0.821 
  16.871      0.831 
  14.991      0.718 
  15.529      0.674 
  15.998      0.706 
  16.498      0.737 
  16.738      0.809 
  14.930      0.693 
  15.552      0.660 
  15.075      0.689 
  15.163      0.664 
  16.354      0.757 
  16.090      0.720 
  16.157      0.723 
  16.473      0.806 
  15.891      0.712 
  16.036      0.711 
  16.602      0.758 
  16.254      0.737 
  14.310      0.995 
  15.899      0.694 
  14.416      1.046 
  14.912      0.735 
  16.709      0.793 
  16.367      0.755 
  15.056      0.684 
  16.851      0.838 
  16.691      0.808 
  15.260      0.659 
  16.138      0.715 
  16.802      0.805 
  16.753      0.804 
  16.366      0.754 
  15.644      0.673 
  16.077      0.679 
  16.304      0.768 
  13.678      1.091 
  14.966      0.704 
  16.070      0.695 
  16.048      0.731 
  15.952      0.690 
  15.659      0.684 
  14.849      0.730 
  15.003      0.681 
  16.837      0.800 
  16.303      0.752 
  16.619      0.789 
  16.171      0.716 
  16.542      0.790 
  15.748      0.693 
  15.527      0.677 
  15.837      0.714 
  16.435      0.770 
  15.645      0.672 
  16.365      0.773 
  16.678      0.801 
  16.147      0.717 
  15.073      0.707 
  14.078      1.077 
  16.158      0.732 
  12.157      1.310 
  16.692      0.774 
  16.291      0.744 
  15.905      0.701 
  15.567      0.666 
  14.103      1.065 
  14.975      1.011 
  15.117      0.975 
  15.076      0.718 
  15.195      0.773 
  17.559      0.930 
  17.226      0.936 
  17.095      0.901 
  17.228      0.930 
  17.004      0.870 
  17.576      1.018 
  17.050      0.862 
  16.841      0.804 
  17.794      1.004 
  16.405      0.806 
  19.193      1.229 
  17.731      1.039 
  17.822      1.011 
  15.448      0.682 
  15.051      0.995 
  17.082      0.889 
  17.579      0.996 
  16.985      0.883 
  18.586      1.079 
  17.079      0.881 
  17.713      0.939 
  18.719      1.251 
  18.675      1.117 
  18.097      1.075 
  18.499      1.096 
  19.222      1.180 
  19.073      1.204 
  17.086      0.853 
  17.373      0.923 
  19.478      1.360 
  19.424      1.362 
  15.555      0.699 
  15.301      0.688 
  15.580      0.680 
  15.534      0.682 
  15.471      0.686 
  16.828      0.831 
  16.617      0.782 
  16.772      0.831 
  15.035      0.826 
  13.178      1.066 
  15.464      0.672 
  17.002      0.872 
  15.288      0.692 
  16.380      0.751 
  14.873      1.008 
  16.996      0.851 
  16.102      0.728 
  15.381      0.681 
  16.605      0.772 
  17.074      0.898 
  15.564      0.682 
  14.561      1.038 
  16.678      0.792 
  15.139      0.915 
  16.014      0.722 
  15.580      0.676 
  15.252      0.937 
  15.048      0.862 
  15.414      0.683 
  14.475      1.028 
  15.025      0.696 
  14.949      0.736 
  15.684      0.693 
  15.347      0.667 
  13.390      1.155 
  15.994      0.720 
  16.215      0.752 
  15.949      0.713 
  14.857      0.728 
  15.556      0.683 
  15.012      0.703 
  14.484      1.006 
  14.994      0.709 
  15.486      0.705 
  16.202      0.738 
  16.378      0.765 
  14.954      0.798 
  15.250      0.669 
  16.175      0.720 
  16.317      0.748 
  16.479      0.765 
  16.033      0.735 
  15.350      0.671 
  15.186      0.898 
  14.880      0.660 
  16.765      0.840 
  16.061      0.705 
  14.943      0.698 
  16.298      0.728 
  15.519      0.650 
  16.197      0.724 
  15.621      0.677 
  15.962      0.737 
  16.153      0.724 
  16.552      0.802 
  15.340      0.681 
  15.058      0.676 
  15.227      0.685 
  16.595      0.795 
  15.270      0.684 
  15.036      0.714 
  14.957      0.796 
  15.707      0.689 
  15.100      0.677 
  16.232      0.732 
  16.090      0.734 
  14.878      0.679 
  15.691      0.678 
  15.994      0.702 
  16.552      0.774 
  13.945      1.047 
  15.835      0.678 
  15.825      0.692 
  15.856      0.695 
  15.000      0.687 
  15.123      0.680 
  15.799      0.686 
  14.389      1.060 
  16.452      0.800 
  16.167      0.724 
  15.489      0.688 
  15.738      0.706 
  17.003      0.873 
  17.023      0.850 
  17.225      0.953 
  17.535      0.963 
  19.483      1.323 
  19.260      1.256 
  18.158      1.018 
  18.045      1.082 
  17.076      0.863 
  17.932      1.018 
  19.046      1.360 
  17.919      1.045 
  17.092      0.894 
  17.305      0.921 
  17.571      0.911 
  17.004      0.895 
  17.672      0.975 
  16.976      0.841 
  16.954      0.867 
  15.131      0.686 
  15.228      0.755 
  18.871      1.272 
  14.951      0.706 
  14.934      0.696 
  14.477      1.050 
  14.988      0.843 
  15.044      0.804 
  15.247      0.654 
  14.947      0.704 
  15.015      0.660 
  14.800      1.032 
  14.959      0.714 
  14.974      0.680 
  15.026      0.725 
  12.930      1.198 
  13.410      1.165 
  15.122      0.684 
  15.089      0.779 
  15.426      0.696 
  15.654      0.675 
  14.814      1.005 
  15.180      0.933 
  15.319      0.672 
  15.476      0.673 
  15.323      0.673 
  14.967      1.017 
  15.875      0.697 
  15.455      0.707 
  15.140      0.907 
  15.804      0.685 
  16.013      0.736 
  15.453      0.686 
  14.966      1.031 
  15.056      0.675 
  15.718      0.670 
  16.134      0.730 
  15.941      0.719 
  14.953      1.001 
  15.777      0.668 
  15.133      0.947 
  14.927      0.800 
  15.546      0.672 
  15.186      0.917 
  15.629      0.686 
  15.841      0.706 
  15.206      0.933 
  15.555      0.706 
  16.075      0.723 
  15.782      0.684 
  16.296      0.785 
  15.531      0.693 
  15.325      0.681 
  15.795      0.702 
  15.141      0.957 
  15.229      0.688 
  14.914      0.708 
  15.591      0.701 
  15.748      0.692 
  12.961      1.207 
  15.055      0.708 
  15.314      0.725 
  15.819      0.719 
  15.368      0.695 
  15.165      0.675 
  16.067      0.703 
  15.618      0.668 
  15.515      0.699 
  15.558      0.695 
  15.857      0.703 
