       G      Bp-Rp 
  17.998      3.033 
  16.564      2.784 
  16.676      2.799 
  16.928      2.747 
  17.306      3.087 
  14.526      1.954 
   9.814      0.627 
  15.081      2.214 
  13.267      1.462 
  17.949      2.913 
  11.503      0.927 
  14.345      1.860 
  13.927      1.714 
  12.319      1.137 
  17.535      2.943 
  12.637      1.243 
  15.176      2.184 
  15.473      2.321 
  10.261      0.708 
  14.880      2.170 
  15.748      2.557 
  14.349      1.897 
  13.056      1.408 
  10.735      0.768 
  16.745      2.733 
  14.845      2.090 
  14.685      2.014 
  17.299      2.891 
  15.537      2.424 
  15.937      2.446 
  17.007      2.906 
  16.079      2.485 
  11.453      0.945 
   9.028      0.481 
  14.753      2.041 
  13.927      1.714 
  17.858      3.096 
  12.052      1.071 
  13.248      1.427 
  10.115      0.699 
  17.490      2.868 
  17.289      3.001 
  10.666      0.771 
  15.545      2.421 
  16.530      2.788 
  15.830      2.499 
  17.615      3.004 
  15.763      2.409 
  16.408      2.772 
  13.163      1.422 
  16.125      2.510 
  13.344      1.476 
  13.487      1.543 
  16.054      2.601 
  16.084      2.540 
  17.635      2.937 
  12.771      1.298 
  17.478      3.021 
  15.794      2.507 
  15.931      2.502 
  16.570      2.836 
  13.470      1.588 
  14.711      2.011 
  16.658      2.807 
  15.477      2.330 
  14.474      1.926 
  12.130      1.111 
  14.082      1.789 
  12.426      1.172 
  17.709      3.033 
  15.244      2.221 
  16.113      2.640 
  15.489      2.430 
  14.254      1.866 
  12.506      1.143 
  17.859      2.953 
  13.377      1.534 
  10.581      0.754 
  10.532      0.757 
  17.659      2.974 
   6.681      0.287 
  13.590      1.618 
  14.522      1.960 
  15.851      2.459 
  15.651      2.492 
  13.090      1.393 
  17.400      2.822 
  11.645      0.966 
   9.687      0.644 
  12.027      1.090 
  15.790      2.350 
  13.370      1.555 
  14.139      1.830 
  16.818      2.845 
  16.169      2.518 
  17.963      3.083 
  12.851      1.341 
  17.136      2.984 
  17.159      2.931 
  11.261      0.890 
  12.638      1.244 
  14.995      2.226 
  16.843      2.926 
  16.030      2.536 
  15.861      2.452 
  17.684      3.055 
  16.359      2.759 
  17.412      2.922 
  17.659      2.904 
  16.876      2.906 
  17.466      2.920 
  12.885      1.328 
  17.682      3.017 
  17.527      2.991 
   9.079      0.521 
  15.130      2.202 
  15.602      2.370 
  17.531      2.936 
  17.334      2.954 
  17.444      2.825 
  16.717      2.822 
   9.980      0.646 
  17.764      2.993 
  14.342      1.910 
  15.977      2.575 
  16.627      2.665 
  12.400      1.173 
  16.173      2.682 
  12.078      1.078 
  15.864      2.484 
   9.972      0.663 
  16.285      2.655 
   9.510      0.581 
   8.388      0.356 
  17.321      2.894 
  11.920      1.028 
  17.652      2.902 
  10.447      0.732 
  17.702      2.934 
  17.416      2.938 
  10.504      0.746 
  10.845      0.809 
  13.158      1.434 
  17.112      2.925 
  16.888      2.877 
  17.622      2.880 
  17.010      2.855 
   6.592      0.356 
  13.654      1.603 
  17.117      2.796 
  16.420      2.734 
  16.603      2.691 
   9.320      0.555 
   7.367      0.375 
  15.536      2.310 
  15.737      2.464 
  16.574      2.731 
  13.338      1.507 
  16.698      2.770 
   9.666      0.599 
  14.977      2.119 
  14.913      2.126 
  17.010      2.764 
  15.124      2.251 
  16.643      2.807 
  12.528      1.251 
  13.651      1.628 
   7.653      0.243 
  13.332      1.485 
  16.994      2.752 
  17.811      3.012 
  14.448      1.906 
  15.766      2.471 
  16.534      2.712 
   9.688      0.618 
  13.977      1.754 
   6.159      1.138 
  17.267      2.902 
  17.804      3.007 
  14.645      1.996 
  10.518      0.750 
   9.375      0.564 
  12.866      1.308 
  15.213      2.205 
   6.786      0.282 
   8.322      0.333 
   8.591      0.396 
  13.058      1.350 
  15.805      2.470 
   8.915      0.446 
  12.365      1.186 
  16.820      2.717 
  13.805      1.771 
  16.245      2.653 
   7.758      0.307 
  12.577      1.207 
  14.425      2.045 
   7.982      0.309 
  13.822      1.836 
  17.276      2.730 
  11.974      1.061 
  16.146      2.516 
  13.260      1.466 
   7.989      0.299 
  16.694      2.724 
  11.008      0.830 
  15.652      2.385 
  12.572      1.251 
  15.662      2.408 
  12.770      1.283 
  11.269      0.908 
  11.220      0.909 
  14.422      1.914 
   9.717      0.616 
  15.970      2.464 
  17.980      2.901 
  14.743      2.017 
  10.863      0.816 
  17.097      2.862 
  12.662      1.241 
   6.356      1.102 
   7.487      0.321 
  11.928      1.053 
  11.630      0.966 
  16.046      2.545 
  10.172      0.681 
  15.769      2.503 
   8.646      0.416 
  15.964      2.548 
  15.114      2.257 
  11.431      0.929 
  15.270      2.253 
  17.011      2.814 
  16.137      2.767 
  17.342      2.817 
  17.103      2.903 
  15.303      2.459 
  11.877      1.038 
  16.191      2.713 
   9.742      0.621 
  12.452      1.172 
  10.162      0.676 
  12.847      1.316 
  11.168      0.872 
   9.451      0.566 
  15.196      2.205 
  14.498      1.947 
  10.545      0.750 
  16.828      2.813 
  13.797      1.691 
  16.415      2.736 
   6.251      0.225 
  17.778      3.013 
  17.321      2.843 
   9.982      0.663 
   7.500      0.203 
  11.909      1.036 
  16.653      2.739 
  15.032      2.148 
  16.156      2.575 
  12.180      1.112 
   8.945      0.478 
  10.589      0.755 
  17.688      3.081 
  13.096      1.417 
  11.435      0.938 
  12.123      1.119 
  10.042      0.674 
   9.232      0.532 
  13.445      1.526 
  17.188      2.903 
  10.338      0.743 
   6.727      0.250 
  14.514      1.926 
  15.490      2.507 
  16.912      2.872 
  15.078      2.203 
   7.617      0.275 
  14.594      1.978 
  14.006      1.755 
  16.128      2.670 
  12.284      1.129 
  13.637      1.600 
  10.896      0.829 
  15.997      2.604 
   9.469      0.586 
  15.592      2.374 
  17.454      3.159 
  16.279      2.660 
  16.916      2.823 
  11.979      1.047 
  10.299      0.750 
  17.672      3.065 
  10.112      0.677 
  15.040      2.146 
   9.272      0.558 
  13.161      1.421 
  17.511      2.917 
  17.543      3.006 
  17.132      2.834 
  11.311      0.911 
   7.912      0.286 
  11.802      0.997 
  16.727      2.796 
  16.587      2.769 
  16.186      2.731 
  17.213      2.851 
  10.005      0.664 
  13.699      1.648 
  16.100      2.739 
  17.048      2.808 
  12.608      1.258 
  17.880      3.133 
   9.578      0.588 
   8.276      0.288 
  17.376      2.923 
  10.579      0.758 
  17.490      2.764 
  11.509      0.946 
  15.766      2.559 
  16.858      2.821 
  16.353      2.737 
  15.356      2.268 
  15.254      2.256 
  16.277      2.612 
  16.786      2.828 
  15.478      2.308 
  17.745      3.034 
  16.570      2.740 
  17.472      2.952 
  16.354      2.648 
  13.710      1.643 
  17.564      2.907 
   9.226      0.541 
   8.747      0.427 
   6.582      0.027 
  16.764      2.846 
  15.654      2.365 
  13.948      1.724 
  10.351      0.727 
  15.156      2.195 
  11.820      1.028 
   8.467      0.413 
  16.478      2.848 
  12.871      1.332 
  17.550      3.216 
  14.439      1.922 
   9.957      0.663 
   9.772      0.622 
  16.358      2.623 
  16.577      2.645 
  12.108      1.082 
  17.384      2.934 
   6.646      1.109 
  12.092      1.107 
  17.411      2.993 
  12.949      1.349 
  13.235      1.467 
  11.259      0.896 
  13.747      1.657 
  13.206      1.454 
  16.607      2.644 
  15.854      2.598 
   6.136      1.105 
  16.728      2.811 
   9.125      0.526 
  13.486      1.572 
  12.156      1.131 
  17.375      2.974 
  11.598      0.938 
  13.838      1.699 
  11.721      0.979 
  15.186      2.208 
  17.164      2.858 
  17.447      2.919 
  17.624      3.041 
  15.143      2.235 
  17.700      3.006 
   8.451      0.382 
  13.661      1.680 
  14.148      1.818 
  10.244      0.691 
  11.719      0.989 
  15.598      2.401 
  12.614      1.245 
  17.976      3.048 
  17.238      2.977 
  15.589      2.414 
  17.593      3.062 
  17.700      3.130 
  12.734      1.302 
   9.393      0.569 
   9.720      0.605 
  16.351      2.606 
  16.246      2.592 
  17.253      2.751 
  15.770      2.459 
  15.866      2.625 
  15.470      2.284 
  16.181      2.542 
  16.293      2.704 
  16.083      2.528 
  12.985      1.372 
  17.416      2.860 
  12.761      1.293 
  12.870      1.316 
  15.786      2.600 
  13.554      1.545 
  14.894      2.072 
  12.976      1.366 
  13.360      1.510 
  12.323      1.141 
  17.833      2.985 
  17.406      2.959 
  16.062      2.675 
  17.383      2.975 
  16.645      2.819 
  10.647      0.785 
  15.393      2.432 
  14.130      1.818 
  17.824      3.016 
  15.562      2.418 
  16.882      2.819 
  17.598      2.852 
  12.635      1.228 
  16.834      2.726 
  15.569      2.407 
   7.446      0.210 
  17.407      2.849 
  11.633      0.959 
  15.485      2.337 
  15.832      2.452 
  12.844      1.355 
   6.399      0.858 
  13.411      1.509 
  16.722      2.753 
  12.736      1.283 
  13.570      1.595 
  12.865      1.344 
  16.179      2.582 
  17.107      2.882 
  10.405      0.747 
  14.205      1.848 
  17.092      2.893 
  14.419      1.896 
  15.151      2.208 
  12.093      1.089 
   8.271      0.297 
  17.949      3.065 
  17.423      2.826 
  16.316      2.702 
  14.257      1.862 
  17.168      2.932 
  11.727      1.000 
  17.853      3.219 
  17.081      2.987 
  15.989      2.617 
  14.145      1.806 
  15.531      2.376 
  15.476      2.352 
  14.254      1.859 
  15.453      2.291 
  14.604      1.988 
   8.102      0.279 
   9.289      0.547 
  11.104      0.846 
  16.095      2.499 
  16.410      2.626 
  15.678      2.402 
  17.752      3.034 
  15.301      2.247 
  14.630      2.070 
  17.281      3.187 
  16.677      2.836 
  16.064      2.694 
  14.389      1.894 
  17.347      2.870 
   9.565      0.588 
   8.826      0.439 
  17.843      2.815 
  11.136      0.871 
  14.926      2.068 
  15.271      2.313 
  11.339      0.910 
  13.371      1.515 
   9.237      0.545 
  16.048      2.538 
   8.419      0.366 
  16.405      2.774 
  16.576      2.729 
  14.667      2.178 
  17.508      2.810 
  11.457      0.962 
  17.561      2.808 
  15.750      2.375 
  15.168      2.230 
  11.245      0.898 
  17.499      2.845 
  10.658      0.762 
  14.749      2.102 
  16.531      2.705 
   9.991      0.645 
  16.989      2.890 
  11.286      0.898 
  11.138      0.864 
  17.575      2.900 
  13.766      1.690 
  15.396      2.255 
  15.603      2.538 
   7.721      0.246 
  16.148      2.550 
  15.190      2.176 
  15.110      2.280 
  12.174      1.097 
  16.869      2.845 
  17.614      2.745 
  15.737      2.462 
  15.203      2.290 
   9.523      0.579 
  14.042      1.942 
  13.054      1.392 
  15.162      2.200 
  11.519      0.950 
  17.509      2.969 
  17.000      2.795 
   7.442      0.174 
  16.287      2.636 
  17.500      2.951 
  15.749      2.479 
  13.526      1.567 
  14.089      1.805 
  14.815      2.092 
  14.799      2.022 
  15.448      2.298 
   8.196      0.326 
  17.401      2.808 
  12.595      1.204 
  17.314      3.070 
  12.092      1.096 
  16.660      2.694 
  16.821      2.788 
  11.254      0.866 
  11.097      0.846 
  17.932      3.087 
  16.243      2.669 
  16.157      2.756 
  11.476      0.930 
  15.622      2.250 
  13.842      1.701 
  15.067      2.177 
  17.761      2.892 
  12.357      1.149 
  14.973      2.089 
  14.802      2.053 
  16.915      2.735 
  14.663      2.068 
  14.828      2.064 
  14.103      1.786 
  17.850      3.093 
  17.590      3.220 
  17.818      3.018 
  17.782      3.034 
  13.902      1.699 
  16.777      2.914 
  12.459      1.186 
  16.042      2.553 
  15.886      2.427 
  13.134      1.419 
  15.026      2.168 
  17.328      2.857 
  11.009      0.841 
  13.829      1.719 
  11.679      0.969 
  16.735      2.719 
  15.378      2.287 
  16.131      2.719 
  17.678      2.915 
  14.529      2.004 
  13.607      1.606 
  16.309      2.804 
  17.010      2.787 
  12.512      1.232 
   9.235      0.546 
  16.491      2.715 
  15.799      2.440 
  16.670      2.819 
  17.509      2.780 
   8.364      0.363 
  17.847      2.894 
   8.762      0.445 
  16.472      2.729 
  17.151      2.898 
  16.885      2.870 
  15.133      2.369 
  16.086      2.673 
  16.215      2.711 
  15.500      2.355 
  10.407      0.712 
  17.356      2.886 
  16.414      2.774 
  11.540      0.930 
  12.567      1.224 
  17.873      3.136 
