       V        B-V 
  17.537      0.926 
  18.409      0.874 
  18.173      0.809 
  17.255      1.209 
  19.223      0.975 
  17.315      1.167 
  19.324      1.101 
  19.382      1.073 
  19.210      0.958 
  18.777      1.014 
  19.160      0.982 
  18.619      0.987 
  14.617      1.311 
  17.456      0.869 
  17.772      0.761 
  15.714      1.273 
  18.127      0.913 
  19.930      1.093 
  18.803      0.825 
  19.905      0.995 
  17.508      1.072 
  15.559      1.286 
  17.846      0.806 
  19.006      0.924 
  13.936      1.556 
  18.919      0.923 
  19.571      1.107 
  15.703      1.244 
  17.547      1.034 
  17.441      0.860 
  18.336      0.944 
  18.238      0.938 
  18.744      0.950 
  19.463      1.173 
  18.359      0.956 
  18.063      0.912 
  17.787      0.819 
  19.298      1.009 
  19.272      1.080 
  18.608      0.893 
  18.334      0.866 
  17.788      0.818 
  18.745      1.006 
  19.032      0.862 
  19.196      0.912 
  16.084      1.244 
  19.017      0.939 
  19.447      1.018 
  17.374      0.862 
  15.860      1.245 
  19.814      1.025 
  18.337      0.879 
  18.184      0.761 
  17.860      0.856 
  19.040      1.093 
  18.780      0.866 
  19.628      1.134 
  19.229      1.020 
  19.197      1.089 
  18.290      0.874 
  18.716      1.054 
  18.890      0.842 
  17.628      0.856 
  18.827      0.917 
  19.224      1.115 
  17.595      0.766 
  17.531      0.898 
  18.300      0.853 
  16.090      1.232 
  18.026      0.924 
  19.150      0.934 
  14.725      1.350 
  18.038      0.887 
  19.165      1.037 
  18.181      0.901 
  19.212      0.983 
  19.659      1.139 
  18.308      0.920 
  18.497      0.864 
  18.634      0.953 
  19.033      1.111 
  19.103      1.014 
  18.032      0.914 
  19.400      0.975 
  19.286      1.066 
  19.583      0.986 
  17.872      0.860 
  19.555      0.951 
  18.946      0.943 
  18.456      0.911 
  19.039      1.003 
  18.083      0.860 
  18.394      0.990 
  18.688      0.882 
  17.620      0.838 
  19.427      1.082 
  17.529      0.878 
  17.956      0.894 
  17.387      0.888 
  18.843      0.920 
  17.557      0.824 
  19.307      1.149 
  17.261      1.201 
  17.988      0.838 
  17.916      0.832 
  17.422      0.894 
  19.368      1.027 
  17.404      1.162 
  19.541      1.182 
  18.473      0.910 
  18.739      0.961 
  18.010      0.802 
  19.235      1.093 
  18.817      0.970 
  18.687      0.934 
  17.788      0.847 
  19.970      1.052 
  16.835      1.171 
  18.018      0.837 
  17.472      0.860 
  18.272      0.897 
  19.511      1.063 
  18.463      0.945 
  17.580      0.875 
  18.330      0.885 
  19.483      1.056 
  17.453      1.093 
  18.685      0.925 
  18.257      0.854 
  19.092      0.907 
  19.463      1.040 
  17.666      0.808 
  17.561      0.776 
  18.112      0.840 
  19.529      1.074 
  18.738      0.828 
  16.923      1.201 
  19.811      1.149 
  17.422      0.944 
  17.526      0.789 
  18.241      0.950 
  19.692      0.943 
  19.109      0.906 
  18.056      0.831 
  19.522      1.045 
  17.878      0.867 
  18.161      0.854 
  14.640      1.324 
  18.308      0.944 
  18.324      0.880 
  19.192      0.996 
  18.361      0.863 
  14.540      1.400 
  18.717      0.924 
  17.850      0.818 
  17.664      0.840 
  18.728      0.876 
  18.661      0.955 
  18.656      0.906 
  16.720      1.116 
  18.129      0.851 
  17.442      0.945 
  15.674      1.321 
  19.729      1.231 
  17.955      0.815 
  19.882      0.995 
  17.462      0.859 
  17.960      0.840 
  17.515      0.836 
  19.528      0.987 
  19.371      0.965 
  18.389      0.828 
  18.951      0.932 
  19.604      1.235 
  19.685      1.134 
  18.658      0.934 
  16.872      1.137 
  18.243      0.894 
  18.764      0.981 
  19.255      0.879 
  19.853      1.002 
  18.615      0.829 
  18.299      0.777 
  18.554      0.883 
  19.197      0.964 
  18.590      0.911 
  19.393      1.134 
  19.652      0.932 
  18.258      0.862 
  17.640      0.851 
  17.333      0.878 
  16.561      1.129 
  19.120      0.880 
  17.418      0.963 
  18.560      0.876 
  18.114      0.847 
  19.183      0.971 
  17.449      0.880 
  18.265      0.906 
  19.059      1.020 
  19.026      0.957 
  19.324      1.044 
  17.498      0.905 
  18.664      1.004 
  19.405      0.953 
  19.115      0.975 
  17.510      0.834 
  16.981      1.175 
  18.014      0.855 
  18.224      0.914 
  18.804      0.951 
  17.898      0.808 
  18.178      0.880 
  19.851      1.023 
  19.704      1.097 
  18.288      0.887 
  18.116      0.887 
  19.058      0.980 
  17.780      0.874 
  18.516      0.938 
  17.628      0.840 
  19.567      1.008 
  19.414      1.002 
  17.554      0.847 
  18.092      0.849 
  19.405      1.073 
  19.506      0.996 
  19.671      1.082 
  18.836      0.949 
  18.205      0.882 
  19.934      1.096 
  18.329      0.900 
  16.820      1.190 
  17.378      0.906 
  19.857      1.162 
  18.786      0.907 
  18.661      0.913 
  17.872      0.772 
  14.655      1.318 
  19.630      1.007 
  17.449      1.048 
  18.012      0.818 
  17.933      0.905 
  18.202      0.881 
  18.291      0.886 
  17.508      0.876 
  16.879      1.172 
  18.517      0.886 
  17.806      0.832 
  18.158      0.873 
  18.821      0.991 
  19.339      1.073 
  16.014      1.252 
  18.408      0.869 
  18.033      0.831 
  15.562      1.283 
  19.665      1.096 
  17.942      0.898 
  17.201      0.988 
  18.491      0.948 
  18.680      0.953 
  18.479      0.904 
  18.099      0.875 
  17.493      0.846 
  19.499      1.084 
  18.859      1.057 
  19.397      1.071 
  19.857      0.959 
  19.821      0.988 
  18.452      0.919 
  19.789      1.071 
  18.624      0.875 
  18.499      0.955 
  18.776      0.917 
  16.482      1.224 
  19.715      0.965 
  17.911      0.875 
  19.176      1.014 
  17.645      0.859 
  17.991      0.860 
  18.240      0.919 
  18.893      0.972 
  16.936      1.136 
  19.255      1.092 
  17.475      0.870 
  19.959      1.184 
  17.750      0.864 
  19.804      0.993 
  19.965      1.107 
  19.775      1.118 
  18.939      0.999 
  18.662      0.904 
  19.426      0.933 
  18.336      0.875 
  18.065      0.883 
  16.578      1.175 
  17.672      0.836 
  19.417      1.091 
  18.659      0.939 
  18.658      0.910 
  19.621      0.944 
  17.489      0.864 
  19.403      1.023 
  18.134      0.848 
  18.961      0.959 
  17.824      0.874 
  18.954      0.983 
  18.668      0.953 
  18.686      0.880 
  18.038      0.838 
  19.577      1.125 
  18.170      0.848 
  19.343      1.135 
  17.413      0.988 
  19.226      1.020 
  17.938      0.742 
  17.897      0.875 
  18.767      0.847 
  19.425      1.079 
  19.707      1.070 
  18.024      0.911 
  19.726      1.153 
  17.466      0.996 
  18.234      0.881 
  17.708      0.857 
  17.460      0.849 
  19.972      1.079 
  18.780      1.007 
  18.387      0.901 
  17.593      0.822 
  18.745      0.902 
  14.719      1.295 
  18.979      0.898 
  17.460      0.856 
  17.409      0.927 
  18.700      0.951 
  17.310      0.885 
  17.455      0.882 
  18.243      0.869 
  19.696      1.159 
  19.101      0.911 
  14.670      1.331 
  19.720      1.099 
  17.968      0.847 
  19.426      0.986 
  19.269      1.045 
  18.488      0.813 
  17.529      0.857 
  19.337      0.936 
  18.198      0.842 
  17.692      0.803 
  17.720      0.827 
  17.642      0.803 
  17.272      1.033 
  18.395      0.866 
  17.444      0.863 
  19.242      0.925 
  18.003      0.841 
  19.543      1.166 
  18.210      0.849 
  19.861      1.177 
  19.197      0.879 
  18.786      0.837 
  18.264      0.827 
  18.447      0.963 
  18.794      0.968 
  19.843      1.031 
  18.233      0.908 
  17.492      0.862 
  18.666      0.899 
  19.729      1.037 
  17.164      1.141 
  19.079      1.000 
  17.485      0.875 
  18.841      0.857 
  19.632      1.114 
  17.782      0.811 
  17.358      0.873 
  18.661      0.894 
  19.572      1.209 
  13.892      1.620 
  17.476      0.825 
  19.710      1.054 
  18.475      0.882 
  17.511      0.866 
  19.255      0.962 
  14.589      1.424 
  19.582      1.022 
  15.391      1.312 
  17.161      1.109 
  18.679      0.997 
  17.485      0.843 
  18.414      0.875 
  19.606      1.037 
  18.970      1.060 
  18.014      0.866 
  17.432      0.999 
  17.611      0.834 
  18.475      0.860 
  17.456      0.838 
  17.467      1.019 
  17.670      0.879 
  17.444      0.945 
  19.599      1.079 
  18.189      0.943 
  18.253      0.893 
  17.153      1.143 
  19.581      1.082 
  19.298      1.020 
  17.400      0.943 
  19.896      1.152 
  19.988      1.009 
  18.339      0.886 
  19.269      1.022 
  19.657      1.054 
  18.991      0.897 
  18.432      0.881 
  19.156      0.991 
  18.809      0.911 
  18.639      0.902 
  18.135      0.843 
  17.493      0.883 
  18.503      0.895 
  19.455      1.052 
  17.228      1.127 
  17.745      0.866 
  18.817      0.926 
  18.353      0.887 
  17.337      0.905 
  14.559      1.466 
  18.095      0.834 
  17.711      0.867 
  18.630      0.895 
  18.033      0.832 
  18.873      0.906 
  19.846      1.074 
  19.365      1.146 
  19.326      1.063 
  19.086      0.943 
  19.914      1.066 
  17.869      0.855 
  19.074      1.026 
  18.053      0.842 
  17.652      0.822 
  17.345      0.921 
  16.702      1.140 
  17.635      0.855 
  18.013      0.937 
  17.893      0.854 
  17.905      0.809 
  18.245      0.849 
  18.981      0.959 
  17.295      0.838 
  18.531      0.805 
  18.427      0.894 
  19.908      1.143 
  17.863      0.834 
  15.145      1.337 
  17.364      0.910 
  18.542      0.887 
  19.685      1.116 
  17.460      0.984 
  17.357      0.881 
  17.748      0.726 
  18.754      0.917 
  18.336      0.991 
  18.538      0.862 
  19.461      1.063 
  18.244      0.953 
  18.865      0.975 
  18.573      0.870 
  19.239      0.955 
  18.807      0.962 
  17.300      0.875 
  18.339      0.924 
  19.885      1.193 
  18.380      0.834 
  18.463      0.999 
  19.125      0.926 
  19.425      1.083 
  17.519      0.812 
  17.521      0.851 
  18.768      0.920 
  19.341      0.978 
  18.166      0.874 
  17.880      0.869 
  18.897      0.930 
  16.129      1.201 
  18.790      0.942 
  17.889      0.810 
  17.459      0.860 
  17.565      0.876 
  18.052      0.876 
  18.114      0.953 
  17.365      0.880 
  19.669      1.079 
  17.455      0.887 
  16.884      1.175 
  17.579      0.976 
  18.086      0.859 
  17.900      0.794 
  18.281      0.920 
  17.795      0.875 
  18.848      0.991 
  18.081      0.806 
  19.771      1.152 
  16.747      1.159 
  18.627      0.818 
  19.753      1.149 
  19.860      1.046 
  18.478      0.855 
  18.426      0.948 
  18.590      0.888 
  14.543      1.350 
  19.556      0.999 
  17.672      0.861 
  19.072      1.018 
  18.147      0.856 
  19.949      1.070 
  17.417      0.805 
  19.125      1.012 
  19.196      1.042 
  15.679      1.270 
  18.193      0.908 
  19.856      1.085 
  18.067      0.913 
  15.282      1.286 
  17.178      1.154 
  18.621      1.015 
  17.483      0.873 
  14.161      1.541 
  18.128      0.829 
  19.367      0.930 
  16.734      1.244 
  18.991      0.889 
  18.298      0.758 
  18.022      0.932 
  17.209      1.171 
  19.280      1.103 
  18.627      0.904 
  18.650      0.980 
  15.251      1.305 
  18.905      0.861 
  18.300      0.963 
  18.566      0.838 
  19.556      1.205 
  17.463      0.881 
  17.577      0.829 
  18.877      0.927 
  16.415      1.223 
  17.576      0.881 
  18.116      0.780 
  17.268      0.856 
  17.380      0.919 
  19.319      0.999 
  18.905      0.981 
  17.911      0.836 
  17.423      0.836 
  18.849      0.901 
  19.032      0.997 
  18.576      0.893 
  17.790      0.885 
  18.784      0.955 
  18.933      0.927 
  15.267      1.307 
  18.380      0.906 
  17.828      0.880 
  18.231      0.859 
  18.004      0.878 
  17.974      0.796 
  17.366      0.963 
  18.237      0.984 
  18.003      0.849 
  17.797      0.741 
  19.737      0.948 
  19.870      1.012 
  16.698      1.139 
  19.500      1.058 
  19.486      1.012 
  17.473      1.108 
  16.774      1.129 
  18.276      0.910 
  17.409      0.866 
  19.312      0.972 
  19.143      0.939 
  19.257      1.014 
  19.592      1.076 
  19.591      1.061 
  19.716      1.175 
  19.121      1.034 
  18.625      0.996 
  18.391      0.887 
  18.505      0.876 
  18.440      0.841 
  19.115      0.955 
  17.056      1.129 
  19.455      1.001 
  18.208      0.860 
  18.531      0.892 
  18.292      0.834 
  17.897      0.781 
  17.968      0.876 
  17.428      0.981 
  17.972      0.886 
  17.435      0.828 
  17.513      0.907 
  18.385      0.920 
  18.014      0.894 
  17.826      0.895 
  17.814      0.859 
  18.307      0.835 
  15.103      1.339 
  18.089      0.916 
  17.918      0.866 
  17.776      0.854 
  19.997      1.070 
  18.564      0.914 
  17.383      0.905 
  18.296      0.841 
  18.799      1.048 
  18.800      0.996 
  19.408      1.083 
  18.269      0.950 
  17.757      0.803 
  18.733      1.048 
  19.736      0.967 
  19.183      0.970 
  18.490      0.975 
  17.976      0.849 
  16.569      1.199 
  19.044      0.977 
  17.976      0.847 
  19.168      0.900 
  17.380      0.980 
  19.397      1.133 
  19.824      1.096 
  19.620      1.069 
  18.319      0.894 
  17.290      0.869 
  17.353      0.891 
  18.754      1.028 
  18.524      0.888 
  18.540      0.965 
  17.848      0.856 
  17.945      0.911 
  16.428      1.190 
  17.764      0.810 
  18.158      0.875 
  18.662      1.032 
  14.060      1.574 
  18.318      0.864 
  14.550      1.340 
  19.216      1.080 
  17.630      0.847 
  17.349      0.885 
  19.413      1.185 
  18.205      0.842 
  18.915      0.968 
  17.578      0.836 
  17.467      0.887 
  19.428      1.105 
  19.676      1.072 
  18.440      0.919 
  18.366      0.891 
  19.392      0.969 
  17.934      0.822 
  18.240      0.878 
  17.371      1.121 
  17.284      1.047 
  17.700      0.822 
  19.277      1.092 
  19.119      0.946 
  18.870      0.999 
  16.715      1.186 
  18.918      1.015 
  17.348      1.009 
  14.787      1.390 
  17.280      0.936 
  18.270      0.876 
  17.964      0.834 
  17.538      0.902 
  19.294      0.962 
  18.814      0.978 
  19.009      1.006 
  19.306      1.022 
  17.861      0.836 
  17.748      0.842 
  18.623      0.906 
  19.324      1.012 
  17.689      0.843 
  18.152      0.879 
  18.200      0.840 
  19.326      1.061 
  18.620      0.873 
  18.413      0.854 
  19.191      1.114 
  18.408      0.899 
  18.222      0.879 
  18.176      0.859 
  18.952      0.925 
  17.510      1.089 
  18.800      0.986 
  19.710      1.156 
  17.954      0.837 
  19.660      1.184 
  17.373      1.159 
  18.108      0.862 
  18.285      0.876 
  19.663      1.040 
  17.298      1.085 
  17.465      0.844 
  19.229      1.074 
  19.427      0.946 
  18.600      0.906 
  17.549      0.803 
  17.944      0.789 
  18.621      0.957 
  18.695      0.983 
  19.464      1.134 
  18.573      0.863 
  17.580      0.805 
  17.132      1.182 
  17.317      0.900 
  17.612      0.828 
  17.649      0.804 
  14.695      1.356 
  17.836      0.838 
  18.655      0.888 
  18.043      0.889 
  17.819      0.844 
  19.814      1.084 
  16.860      1.154 
  17.971      0.923 
  19.514      0.994 
  17.357      0.892 
  18.332      0.957 
  17.522      0.902 
  18.310      0.786 
  18.370      0.825 
  18.212      0.854 
  19.703      1.038 
  18.033      0.917 
  19.318      1.181 
  17.957      0.745 
  16.667      1.166 
  17.417      0.880 
  17.367      0.938 
  19.992      1.171 
  18.598      0.901 
  19.136      0.999 
  19.697      0.989 
  19.567      0.940 
  18.951      0.875 
  18.789      0.936 
  18.371      0.766 
  19.070      0.938 
  19.580      1.133 
  17.583      0.895 
  19.643      1.191 
  18.211      0.762 
  17.492      1.109 
  18.332      0.881 
  19.095      1.031 
  17.653      0.815 
  17.700      0.844 
  19.950      1.009 
  17.825      0.841 
  18.261      0.825 
  19.927      1.146 
  17.869      0.794 
  18.443      0.989 
  18.867      0.945 
  19.492      0.975 
  19.172      0.925 
  17.877      0.867 
  19.373      0.898 
  17.452      0.860 
  17.789      0.904 
  18.829      0.847 
  19.040      1.044 
  18.252      0.882 
  18.455      1.000 
  18.663      0.867 
  17.520      1.079 
  18.737      0.864 
  17.982      0.853 
  19.725      1.141 
  18.518      0.886 
  17.493      0.883 
  15.822      1.250 
  19.275      1.059 
  17.846      0.849 
  19.549      1.013 
  17.542      0.861 
  18.334      0.879 
  17.630      0.786 
  18.006      0.846 
  17.658      0.841 
  17.268      1.120 
  18.407      0.868 
  17.783      0.727 
  17.372      0.931 
  19.228      1.146 
  19.767      1.109 
  19.404      0.968 
  17.203      1.136 
  17.389      0.901 
  18.824      0.912 
  18.238      0.895 
  18.504      0.867 
  19.581      1.074 
  19.183      1.032 
  19.549      1.109 
  18.341      0.831 
  19.481      0.901 
  18.208      0.936 
  19.553      1.065 
  18.988      1.107 
  19.943      1.252 
  19.203      0.982 
  19.186      1.083 
  17.446      0.827 
  19.925      1.127 
  18.625      0.806 
  18.029      0.883 
  18.194      0.927 
  18.042      0.907 
  14.569      1.345 
  17.446      1.035 
  17.589      0.914 
  18.265      0.828 
  18.425      0.873 
  18.942      0.981 
  17.714      0.850 
  19.442      1.035 
  18.108      0.843 
  18.317      0.846 
  18.595      0.933 
  17.954      0.934 
  17.715      0.856 
  14.904      1.357 
  18.936      0.910 
  18.952      0.889 
  19.015      1.040 
  18.203      0.932 
  18.231      0.816 
  14.134      1.572 
  17.919      0.798 
  18.064      0.878 
  17.606      0.860 
  17.441      1.080 
  17.935      0.874 
  18.151      0.860 
  19.568      1.042 
  18.368      0.844 
  17.695      0.862 
  17.437      1.007 
  18.184      0.904 
  18.502      0.978 
  19.074      1.032 
  17.466      0.864 
  17.338      0.875 
  18.951      0.891 
  17.336      0.969 
  17.751      0.804 
  18.684      0.970 
  19.149      1.115 
  18.644      0.880 
  18.713      0.997 
  18.973      1.039 
  16.241      1.295 
  18.240      0.878 
  17.835      0.784 
  17.806      0.863 
  19.493      0.957 
  17.344      0.881 
  17.920      0.842 
  18.301      0.913 
  19.146      0.948 
  18.618      0.961 
  19.051      1.032 
  17.497      0.810 
  17.477      1.071 
  17.991      0.864 
  19.184      1.097 
  19.285      1.028 
  17.595      0.792 
  19.543      1.029 
  19.571      1.149 
  18.436      0.853 
  14.987      1.416 
  17.585      0.844 
  19.498      1.086 
  17.832      0.895 
  17.598      0.847 
  18.384      0.875 
  19.006      0.908 
  14.717      1.395 
  17.397      1.000 
  19.684      1.216 
  18.077      0.899 
  17.638      0.828 
  18.788      0.970 
  17.620      0.797 
  17.703      0.835 
  17.503      0.876 
  19.761      1.142 
  17.577      0.828 
  17.521      0.846 
  19.424      1.139 
  19.739      0.969 
  19.950      1.235 
  15.715      1.251 
  17.476      1.128 
  17.962      0.774 
  17.778      0.843 
  19.451      1.184 
  19.683      1.077 
  18.072      0.853 
  19.117      1.054 
  17.555      1.057 
  19.169      1.144 
  17.760      0.828 
  17.794      0.794 
  17.622      0.787 
  17.519      0.825 
  18.871      1.044 
  16.413      1.173 
  18.577      0.933 
  18.131      0.824 
  19.155      0.958 
  18.938      0.990 
  17.627      0.827 
  18.808      0.840 
  17.819      0.799 
  17.408      0.996 
  17.300      1.149 
  18.081      0.817 
  18.827      1.002 
  17.801      0.836 
  18.403      0.885 
  18.878      0.951 
  18.018      0.802 
  17.765      0.854 
  16.106      1.229 
  17.971      0.789 
  17.407      0.854 
  18.444      0.887 
  17.348      1.128 
  17.827      0.869 
  17.519      0.824 
  18.534      0.933 
  17.360      0.825 
  17.874      0.873 
  14.607      1.330 
  17.413      1.103 
  19.193      0.907 
  18.656      0.883 
  17.553      0.821 
  18.835      1.033 
  19.010      0.975 
  18.290      0.937 
  17.454      0.872 
  18.184      0.869 
  19.100      0.936 
  19.131      1.034 
  19.943      1.034 
  18.362      0.965 
  16.228      1.263 
  18.408      0.953 
  17.830      0.847 
  18.951      0.940 
  19.530      1.020 
  18.597      1.012 
  18.816      0.946 
  18.302      0.880 
  17.017      1.168 
  17.408      0.842 
  17.614      0.856 
  17.730      0.886 
  17.336      0.907 
  18.661      0.900 
  19.690      1.090 
  17.699      0.869 
  19.877      1.130 
  18.516      0.981 
  17.310      0.894 
  19.035      0.934 
  19.094      0.934 
  18.506      0.988 
  17.785      0.828 
  19.329      0.989 
  17.447      0.834 
  18.704      0.931 
  18.002      0.838 
  19.432      1.048 
  18.773      0.977 
  15.972      1.261 
  18.854      1.051 
  17.464      0.809 
  18.804      0.944 
  19.950      1.136 
  17.686      0.844 
  18.277      0.760 
  16.956      1.148 
  17.678      0.832 
  18.577      0.936 
  19.888      1.089 
  18.384      0.904 
  18.771      0.939 
  19.989      1.191 
  17.396      1.063 
  18.311      0.846 
  17.457      0.840 
  18.962      0.929 
  19.014      0.920 
  17.887      0.842 
  17.660      0.842 
  19.389      1.178 
  18.656      0.923 
  17.657      0.822 
  18.103      0.878 
  19.261      0.987 
  19.292      1.021 
  18.647      0.938 
  17.921      0.842 
  18.798      0.930 
  19.725      0.957 
  19.812      1.061 
  17.339      1.114 
  19.361      0.949 
  19.708      1.051 
  18.685      0.895 
  19.795      0.976 
  17.420      0.840 
  18.215      0.850 
  17.465      0.881 
  17.997      0.836 
  17.578      0.808 
  17.529      0.898 
  14.830      1.306 
  17.567      0.825 
  17.801      0.796 
  18.510      0.910 
  19.660      1.120 
  18.733      0.923 
  17.686      0.853 
  15.750      1.248 
  18.679      0.920 
  18.006      0.861 
  19.707      1.074 
  19.016      1.022 
  19.341      1.001 
  17.624      0.834 
  19.307      0.975 
  19.022      1.015 
  18.048      0.828 
  20.000      1.191 
  17.918      0.819 
  19.980      1.085 
  18.166      0.876 
  18.032      0.888 
  19.561      1.166 
  18.901      0.956 
  19.578      1.057 
  17.201      1.092 
  19.429      0.917 
  18.921      0.926 
  19.891      1.130 
  19.383      0.957 
  17.665      0.875 
  18.105      0.784 
  18.357      0.827 
  19.372      1.078 
  18.982      1.013 
  18.882      1.050 
  19.785      1.086 
  18.283      0.902 
  19.628      1.163 
  17.816      0.895 
  18.286      0.880 
  18.992      0.898 
  17.624      0.770 
  15.266      1.324 
  17.317      0.957 
  19.303      0.944 
  18.925      1.010 
  17.401      0.830 
  17.828      0.827 
  18.984      0.943 
  19.009      0.975 
  17.566      0.828 
  17.985      0.860 
  18.309      0.889 
  16.392      1.150 
  19.761      1.117 
  19.767      1.050 
  19.413      1.050 
  17.624      0.753 
  19.453      1.016 
  17.406      1.047 
  18.245      0.986 
  19.949      1.112 
  19.506      1.037 
  19.269      1.141 
  17.547      0.864 
  19.548      1.059 
  19.238      0.997 
  19.206      0.981 
  18.153      0.889 
  19.324      1.070 
  19.492      0.942 
  18.041      0.891 
  18.692      0.936 
  19.589      1.101 
  15.031      1.377 
  19.405      1.014 
  19.342      1.059 
  17.540      0.818 
  19.645      0.972 
  18.525      0.873 
  19.801      1.012 
  17.449      0.862 
  17.841      0.797 
  18.823      0.921 
  17.274      0.984 
  18.990      1.037 
  19.597      1.098 
  19.121      1.054 
  18.228      0.906 
  19.360      1.092 
  14.523      1.369 
  17.414      0.821 
  18.071      0.867 
  18.110      0.842 
  18.781      0.905 
  18.967      0.974 
  19.101      0.980 
  18.581      0.846 
  19.746      1.093 
  18.039      0.889 
  18.367      0.938 
  18.675      0.927 
  19.039      0.919 
  18.240      0.835 
  18.431      0.872 
  17.372      1.175 
  17.331      0.885 
  17.468      1.065 
  19.151      0.967 
  19.233      1.001 
  18.849      0.956 
  19.089      1.023 
  19.392      1.105 
  18.175      0.878 
  19.286      1.070 
  18.150      0.936 
  16.099      1.185 
  17.327      0.933 
  18.184      0.878 
  18.239      0.808 
  18.376      0.964 
  17.405      1.009 
  19.085      1.051 
  18.736      0.950 
  18.434      0.864 
  18.093      0.907 
  17.557      0.856 
  17.639      0.862 
  17.526      0.830 
  17.123      1.144 
  16.108      1.181 
  18.884      0.962 
  19.432      1.019 
  19.160      0.959 
  19.581      1.028 
  18.762      0.889 
  18.496      0.893 
  18.504      0.888 
  18.046      0.835 
  14.770      1.404 
  17.265      1.149 
  19.685      1.160 
  18.505      0.870 
  19.396      1.057 
  19.659      1.048 
  19.833      1.082 
  19.311      1.044 
  18.587      0.904 
  18.945      0.986 
  17.456      0.821 
  19.630      1.003 
  18.280      0.855 
  18.570      0.910 
  18.728      0.950 
  19.170      0.974 
  18.621      0.925 
  17.336      0.929 
  16.723      1.167 
  17.709      0.860 
  18.105      0.830 
  19.707      1.168 
  17.457      0.854 
  17.776      0.762 
  17.654      0.723 
  17.869      0.861 
  18.159      0.893 
  18.657      0.916 
  19.696      1.016 
  17.658      0.849 
  18.115      0.847 
  17.423      0.840 
  19.945      1.172 
  17.907      0.907 
  18.114      0.857 
  17.822      0.869 
  18.168      0.894 
  19.491      1.051 
  19.383      1.009 
  17.397      0.953 
  18.713      0.921 
  19.518      1.014 
  18.235      0.855 
  18.949      0.977 
  17.563      0.856 
  17.821      0.777 
  18.694      0.924 
  18.849      0.843 
  18.826      0.976 
  19.865      1.050 
  18.816      0.842 
  18.464      0.964 
  18.387      0.949 
  18.340      0.823 
  17.571      0.822 
  17.915      0.863 
  17.397      1.111 
  19.650      1.028 
  17.743      0.777 
  18.724      0.898 
  15.200      1.306 
  17.489      0.800 
  19.123      0.967 
  19.358      1.040 
  19.624      1.144 
  19.721      1.114 
  17.737      0.870 
  18.473      0.821 
  18.855      0.862 
  18.909      0.936 
  18.923      0.955 
  18.929      0.916 
  18.933      0.931 
  19.030      1.067 
  19.456      1.009 
  19.519      0.945 
  19.604      1.209 
  19.742      0.959 
  19.861      1.097 
  19.870      1.121 
