Y = sum( p_i * X**i )
Y ... BC  or  Teff
X ... J-Ks  or  BP-RP  or  B-V



2MASS colour limits:
[[-0.211, 0.699], [-0.191, 0.753], [-0.196, 0.744], [-0.208, 0.74], [-0.204, 0.76], [-0.2, 0.799], [-0.197, 0.844], [-0.201, 0.798], [-0.2, 0.806], [-0.202, 0.813], [-0.203, 0.82], [-0.203, 0.826], [-0.201, 0.832], [-0.197, 0.837], [-0.196, 0.84], [-0.196, 0.843], [-0.196, 0.846], [-0.195, 0.849], [-0.195, 0.89], [-0.195, 0.855], [-0.195, 0.857], [-0.195, 0.888], [-0.196, 0.878], [-0.196, 0.871], [-0.195, 0.865], [-0.194, 0.865], [-0.194, 0.866], [-0.194, 0.867], [-0.188, 0.867], [-0.189, 0.868], [-0.188, 0.869], [-0.188, 0.868], [-0.188, 0.869], [-0.187, 0.868], [-0.187, 0.869], [-0.187, 0.868], [-0.187, 0.868], [-0.186, 0.868], [-0.187, 0.868], [-0.187, 0.869]]

Gaia colour limits:
ZLimits=[[-0.53, 2.314], [-0.531, 2.726], [-0.507, 3.061], [-0.501, 3.295], [-0.49, 3.49], [-0.479, 3.641], [-0.473, 3.757], [-0.471, 3.879], [-0.473, 3.969], [-0.477, 4.011], [-0.478, 4.013], [-0.478, 4.015], [-0.482, 4.013], [-0.485, 2.299], [-0.485, 2.365], [-0.487, 2.425], [-0.484, 2.516], [-0.484, 2.632], [-0.481, 2.746], [-0.481, 2.853], [-0.48, 2.945], [-0.478, 3.037], [-0.473, 3.123], [-0.469, 3.205], [-0.464, 3.284], [-0.46, 3.361], [-0.457, 3.434], [-0.454, 3.505], [-0.45, 3.571], [-0.448, 3.629], [-0.447, 3.699], [-0.446, 3.773], [-0.447, 3.843], [-0.446, 3.912], [-0.449, 3.976], [-0.45, 4.038], [-0.45, 4.096], [-0.449, 4.142], [-0.448, 4.182], [-0.447, 4.206]]

Johnson colour limits:
ZLimits=[[-0.296, 1.032], [-0.289, 1.05], [-0.288, 1.031], [-0.299, 1.04], [-0.295, 1.09], [-0.283, 1.173], [-0.284, 1.201], [-0.288, 1.188], [-0.282, 1.211], [-0.282, 1.229], [-0.28, 1.228], [-0.278, 1.238], [-0.277, 1.251], [-0.275, 1.261], [-0.274, 1.267], [-0.273, 1.273], [-0.271, 1.267], [-0.271, 1.268], [-0.269, 1.27], [-0.268, 1.278], [-0.268, 1.279], [-0.266, 1.279], [-0.266, 1.28], [-0.264, 1.277], [-0.262, 1.279], [-0.261, 1.28], [-0.259, 1.264], [-0.258, 1.266], [-0.256, 1.267], [-0.255, 1.269], [-0.254, 1.269], [-0.253, 1.269], [-0.251, 1.27], [-0.25, 1.271], [-0.249, 1.272], [-0.236, 1.272], [-0.236, 1.272], [-0.236, 1.273], [-0.236, 1.273], [-0.235, 1.274]]