    Z                     p0                     p1                     p2                     p3                     p4                     p5                     p6                     p7                     p8                     p9
0.001     -0.370717553502561      4.897291072159065    -22.786355196799072     21.927942045871763     97.765339224817509   -251.288135116603399     70.844646145308317    350.242782450859238   -409.111598814591446    137.299070836771449
0.002     -0.345522595061572      4.718307208054840    -22.167302326049455     24.129306458351824     86.736687901411997   -256.412189223446205    160.882954083816912    175.478268338603385   -270.078722509291310     96.468818182509224
0.003     -0.323299830444076      4.466985045276397    -22.041889005127583     33.488861554365094     61.630999122890714   -301.077511932076277    434.392910498561946   -265.723465268706377     40.766310183833816     13.852168784647738
0.004     -0.307720909521333      4.362949947896332    -21.976195986932900     35.882625640859096     55.696635420492790   -313.665958548977244    509.157830581514361   -392.691653458590451    136.950143704334920    -13.953235191781040
0.005     -0.295930999259855      4.213824964039546    -21.496247649815423     39.131826711337013     40.577616492288378   -314.943948552916027    608.730810107272191   -591.024166505425455    294.218601450342362    -59.630286966292999
0.006     -0.283766112521099      4.110184065547372    -21.616294349657057     42.564590855345919     36.143051304000046   -342.880576122112473    707.500339270723543   -721.157558764501573    373.242998372861337    -78.123334743166680
0.007     -0.269453904778247      4.003929800887335    -21.917389852388819     46.761048164900117     32.225288645306975   -376.860212437807490    813.783433563501944   -849.938356612022517    445.326985353720090    -93.599395519475593
0.008     -0.259492728379262      3.891366320336027    -21.950443486257793     50.369712259324764     25.644172216292191   -400.787513112508918    912.651280818128612   -987.055914994799991    531.080178756598684   -114.052383511965985
0.009     -0.251492996925081      3.871857095863761    -22.001113526963255     49.914211380764954     29.086068438272683   -400.254988366829366    883.385172581116080   -928.385727761888006    485.609641634000639   -101.423684049126862
0.010     -0.241571359546564      3.826987030409656    -21.913879569922557     49.823224956772030     28.459155554274563   -394.043668921635799    864.651331915864262   -902.334438227452551    468.336806074319099    -97.002979625564137
0.011     -0.234588619757858      3.779145660855686    -22.070639292538466     51.708981811905161     26.694538436352993   -407.492228854906671    906.276206546527760   -952.430886428026042    496.504815608564513   -103.158611861905285
0.012     -0.229329184112698      3.752060303007826    -21.811799913544860     50.422594124849660     27.517770387139024   -394.013023812411802    860.418967364548394   -889.646399837233503    456.663655863442216    -93.484329912963588
0.013     -0.224056870154335      3.723734708663115    -21.634146637687625     50.197105506340307     26.677448813693399   -390.008686915073838    851.764704079786497   -878.848101940561151    449.613547939064858    -91.658351393751829
0.014     -0.219118516612311      3.718814009732580    -21.811771553073299     50.226062158663005     29.829890822082582   -395.125830487767985    844.873680165643123   -855.889840019754047    430.235035663865688    -86.223822745137497
0.015     -0.220312165637225      3.739149458588268    -21.309697108809985     47.066907922888262     31.994603352959373   -372.799228099590323    779.120562268823733   -778.123036337934991    387.115685211668278    -76.967246470016008
0.016     -0.208713904495186      3.681347963249153    -21.845303545205038     50.722772973642556     30.270357919655321   -400.177905356337760    852.984787087772247   -860.393970876911339    430.433947600550198    -85.844699146924285
0.017     -0.207959366019846      3.667351956597754    -21.642281402214397     50.151370576900568     29.319680145075459   -392.583430397048289    837.486498018600173   -845.183156813191545    423.034394991383806    -84.415520940455224
0.018     -0.205816151257573      3.605655344535942    -21.269155795411699     50.822733830311002     23.415494766500675   -387.239287522257086    852.903729640658412   -880.184146825578068    448.807248036212627    -91.026756159244187
0.019     -0.198746398464679      3.563476470771748    -21.150725193059028     50.473828946440598     22.544802524230633   -376.601543372999458    823.938533772538335   -844.783311910223119    428.261647667358147    -86.414569221502077
0.020     -0.195944622090767      3.561955055971293    -20.853030925320962     48.613292529788545     22.961615354870563   -355.734604377316032    762.499952772718643   -768.639900778638889    383.827843743646326    -76.399293467228844
0.021     -0.188366426331931      3.529792134309642    -20.797459107151397     49.006914959551253     20.688282833946207   -352.334543522247770    763.751617883255221   -776.400479945643383    390.778372390097047    -78.392769095115597
0.022     -0.185098675753962      3.493293967910499    -20.653859172883248     48.782598069174007     19.406380379559167   -342.837084535841541    740.219181016606512   -748.816473508216518    375.237086445260104    -75.000392139194972
0.023     -0.185207485377634      3.474695177967077    -20.346732351743128     48.304030714214960     16.020000200950903   -327.695802444008109    713.439887599296185   -724.167832351830384    363.543010651425845    -72.736511027562756
0.024     -0.179006753039518      3.413615361642518    -20.143474035707246     48.419570119814722     13.093968986187837   -318.304200835699135    698.914764694257542   -712.058700089215563    358.309299595056530    -71.813790176353535
0.025     -0.176957095831425      3.388226360249149    -20.043695781467999     48.755209086103427     10.835817274860787   -313.873213298255337    694.774794979811645   -710.051895037912232    357.794908424277821    -71.746677388652287
0.026     -0.175245891433333      3.366774905770245    -19.669012238985687     47.923879032717032      6.959751197633561   -293.372987093818153    656.721173314597650   -674.939515676756400    341.622568945154455    -68.781221429311657
0.027     -0.177824408938861      3.287919731894124    -19.073395098639324     48.042514353994008     -1.387323537179363   -271.241846155716019    634.288695243657230   -668.696259425434505    345.409460713810404    -70.794661860289352
0.028     -0.174677961575068      3.242914744600040    -19.046827069974718     48.629935941340676     -2.623831445729015   -271.843356699968638    638.715770530399368   -674.165247810241567    348.296073581239682    -71.371079149882561
0.029     -0.171285016054575      3.230361612707283    -18.954730110188105     48.069090891797799     -2.367830727318237   -265.923855437613838    621.196257263583675   -652.954256479290734    336.283967249155864    -68.744995038305660
0.030     -0.167593450975002      3.195589110102652    -18.760423883501904     48.263451107401082     -5.956382492030775   -255.442382796665242    605.923657707022812   -640.299439452774664    330.552876456803574    -67.643271858591163
0.031     -0.164763182470599      3.165868613937214    -18.572077946326388     48.393043468144192    -10.089921617718909   -241.014855371706261    581.886275605780042   -618.542641510088743    320.253618618640360    -65.644428321973265
0.032     -0.165553623333471      3.154877421334894    -18.127414253382060     46.977923418767169    -13.981407972939854   -214.104251561339026    527.499512943975333   -565.593889167691259    294.802511301538800    -60.791780850937833
0.033     -0.160588626664288      3.126292926539943    -18.084493083381432     47.085312185957989    -15.366699886486707   -207.750887612865938    513.759523656586111   -550.567285278068653    286.726225862492527    -59.094473964669888
0.034     -0.162371142205998      3.125890550906482    -17.773433950997976     46.217351275967125    -17.942163722451525   -192.248581146100406    484.484624176512227   -523.408010381744930    274.151311006659228    -56.770458173595763
0.035     -0.159529985369920      3.093146655033041    -17.698704088012704     46.451352334992372    -19.384781337511360   -188.366863230089763    477.816235463545809   -516.547348777003890    270.441736480464442    -55.968541917536577
0.036     -0.165457057811287      3.043115785714894    -16.088331481561369     42.615644196330422    -42.221158880692720    -62.189986810384127    226.935968584381897   -267.560237501594372    146.736074185967112    -31.426825361178238
0.037     -0.162885421163056      3.010309724784012    -15.912473231914614     42.808444376616706    -46.268349247048953    -48.951641098501575    206.441308293511980   -250.711305073967964    139.668429302171177    -30.241043410714880
0.038     -0.162261674493310      2.981687315567049    -15.553315053843271     42.177832290976312    -50.888736495016417    -26.086860502548390    163.107479140897425   -208.996777907856483    119.382161375977532    -26.278744356937899
0.039     -0.159694373009762      2.962124775610316    -15.601399382271431     42.668144515601831    -50.634834263708306    -32.394970690970808    178.660649774450718   -226.170082643661743    128.573297255089102    -28.218654028295497
0.040     -0.157738339200508      2.964607348536766    -15.632256872008590     42.621551392450115    -50.011668994166648    -33.633203831500445    179.064303821611759   -224.957621382689268    127.247067549886154    -27.818721502003342